1 -10
2 -10.66159439
3 -11.32318878
4 -11.98478317
5 -12.64637756
6 -13.28443336
7 -13.85500813
8 -14.36749077
9 -14.82930088
10 -15.24645233
11 -15.62392426
12 -15.96590996
13 -16.27599144
14 -16.55726814
15 -16.81244278
16 -17.04389954
17 -17.25375366
18 -17.44389153
19 -17.61600494
20 -17.7716217
21 -17.91211891
22 -18.03874779
23 -18.15264702
24 -18.2548542
25 -18.34631729
26 -18.42790031
27 -18.50039864
28 -18.56453705
29 -18.62098503
30 -18.67035484
31 -18.71321106
32 -18.75007057
33 -18.78141022
34 -18.80766678
35 -18.82924461
36 -18.84651566
37 -18.85982323
38 -18.86948204
39 -18.87578201
40 -18.87899017
41 -18.87935257
42 -18.87709808
43 -18.87243652
44 -18.86555862
45 -18.85664368
46 -18.84585381
47 -18.8333416
48 -18.81924629
49 -18.80369568
50 -18.78680801
51 -18.76869202
52 -18.74944878
53 -18.72917175
54 -18.70794487
55 -18.68584633
56 -18.66295052
57 -18.63932228
58 -18.61502457
59 -18.59011269
60 -18.56464005
61 -18.53865433
62 -18.51220131
63 -18.48531914
64 -18.45804787
65 -18.43042183
66 -18.40247345
67 -18.37423134
68 -18.3457222
69 -18.31697273
70 -18.28800392
71 -18.25883865
72 -18.229496
73 -18.19999504
74 -18.17035103
75 -18.14057922
76 -18.11069489
77 -18.08071136
78 -18.0506382
79 -18.02048874
80 -17.99027252
81 -17.95999908
82 -17.92967606
83 -17.89931107
84 -17.86891365
85 -17.83848953
86 -17.80804443
87 -17.77758408
88 -17.74711418
89 -17.71663857
90 -17.68616295
91 -17.65569115
92 -17.62522507
93 -17.59477043
94 -17.56433105
95 -17.53390694
96 -17.5035038
97 -17.47312164
98 -17.44276428
99 -17.41243362
100 -17.38213158
101 -17.35186005
102 -17.32162094
103 -17.29141426
104 -17.26124191
105 -17.2311058
106 -17.20100594
107 -17.17094421
108 -17.14092255
109 -17.11094093
110 -17.08099937
111 -17.05109978
112 -17.02124214
113 -16.99142838
114 -16.96165657
115 -16.93193054
116 -16.90224838
117 -16.87261009
118 -16.84301758
119 -16.81347084
120 -16.78396988
121 -16.75451469
122 -16.72510529
123 -16.69574356
124 -16.66642761
125 -16.63715935
126 -16.60793686
127 -16.57876205
128 -16.54963493
129 -16.5205555
130 -16.49152374
131 -16.46253967
132 -16.43360329
133 -16.40471458
134 -16.37587357
135 -16.34708023
136 -16.31833649
137 -16.28964043
138 -16.26099205
139 -16.23239136
140 -16.20383835
141 -16.17533302
142 -16.14687538
143 -16.11846733
144 -16.09010696
145 -16.06179428
146 -16.03352928
147 -16.00531197
148 -15.97714233
149 -15.94902039
150 -15.92094612
151 -15.89291954
152 -15.86494064
153 -15.83700943
154 -15.8091259
155 -15.78129005
156 -15.75350094
157 -15.72575951
158 -15.69806576
159 -15.67041874
160 -15.6428194
161 -15.6152668
162 -15.58776188
163 -15.56030369
164 -15.53289223
165 -15.50552845
166 -15.4782114
167 -15.45094109
168 -15.4237175
169 -15.39653969
170 -15.36940861
171 -15.34232426
172 -15.31528664
173 -15.28829479
174 -15.26134968
175 -15.23445129
176 -15.20759869
177 -15.18079185
178 -15.1540308
179 -15.12731647
180 -15.10064793
181 -15.07402515
182 -15.04744816
183 -15.02091694
184 -14.99443054
185 -14.96798992
186 -14.94159508
187 -14.91524506
188 -14.88894081
189 -14.86268139
190 -14.83646774
191 -14.81029892
192 -14.78417492
193 -14.75809574
194 -14.73206234
195 -14.70607376
196 -14.68013
197 -14.65423012
198 -14.62837505
199 -14.60256481
200 -14.57679844
201 -14.55107689
202 -14.52540016
203 -14.4997673
204 -14.47417831
205 -14.44863415
206 -14.42313385
207 -14.39767742
208 -14.37226486
209 -14.34689617
210 -14.32157135
211 -14.29628944
212 -14.27105141
213 -14.24585724
214 -14.22070694
215 -14.19559956
216 -14.17053509
217 -14.14551449
218 -14.1205368
219 -14.09560204
220 -14.07071114
221 -14.04586315
222 -14.02105808
223 -13.99629593
224 -13.97157574
225 -13.94689846
226 -13.9222641
227 -13.89767265
228 -13.87312317
229 -13.8486166
230 -13.82415199
231 -13.79972935
232 -13.77534962
233 -13.75101185
234 -13.72671604
235 -13.7024622
236 -13.67825031
237 -13.65408039
238 -13.62995243
239 -13.60586643
240 -13.5818224
241 -13.55781937
242 -13.5338583
243 -13.50993824
244 -13.48606014
245 -13.46222305
246 -13.43842697
247 -13.41467285
248 -13.39095974
249 -13.36728764
250 -13.34365654
251 -13.32006645
252 -13.29651737
253 -13.2730093
254 -13.24954128
255 -13.22611427
256 -13.20272827
257 -13.17938232
258 -13.15607738
259 -13.1328125
260 -13.10958767
261 -13.08640385
262 -13.06326008
263 -13.04015636
264 -13.0170927
265 -12.9940691
266 -12.97108555
267 -12.94814205
268 -12.92523861
269 -12.90237427
270 -12.87954998
271 -12.85676575
272 -12.83402061
273 -12.81131458
274 -12.78864861
275 -12.76602173
276 -12.74343395
277 -12.72088623
278 -12.69837761
279 -12.67590809
280 -12.65347672
281 -12.63108444
282 -12.60873127
283 -12.5864172
284 -12.56414223
285 -12.5419054
286 -12.51970768
287 -12.4975481
288 -12.47542763
289 -12.4533453
290 -12.43130112
291 -12.40929604
292 -12.3873291
293 -12.36540031
294 -12.34350967
295 -12.32165718
296 -12.29984283
297 -12.27806568
298 -12.25632668
299 -12.23462582
300 -12.2129631
301 -12.19133759
302 -12.16975021
303 -12.14820004
304 -12.12668705
305 -12.10521221
306 -12.08377457
307 -12.06237411
308 -12.04101086
309 -12.01968479
310 -11.99839592
311 -11.97714424
312 -11.95592976
313 -11.93475246
314 -11.91361237
315 -11.89250851
316 -11.87144184
317 -11.85041237
318 -11.82941914
319 -11.80846214
320 -11.78754234
321 -11.76665878
322 -11.74581146
323 -11.72500038
324 -11.70422554
325 -11.68348694
326 -11.66278458
327 -11.64211845
328 -11.62148857
329 -11.60089493
330 -11.58033752
331 -11.55981541
332 -11.53932953
333 -11.51887894
334 -11.49846458
335 -11.47808552
336 -11.45774269
337 -11.43743515
338 -11.4171629
339 -11.39692593
340 -11.37672424
341 -11.35655785
342 -11.33642673
343 -11.31633091
344 -11.29627037
345 -11.27624512
346 -11.2562542
347 -11.23629856
348 -11.21637726
349 -11.19649124
350 -11.17664051
351 -11.15682411
352 -11.13704205
353 -11.11729527
354 -11.09758282
355 -11.0779047
356 -11.05826092
357 -11.03865147
358 -11.01907635
359 -10.99953556
360 -10.98002911
361 -10.96055698
362 -10.94111824
363 -10.92171383
364 -10.90234375
365 -10.88300705
366 -10.86370468
367 -10.84443569
368 -10.82520008
369 -10.8059988
370 -10.7868309
371 -10.76769638
372 -10.74859524
373 -10.72952747
374 -10.71049309
375 -10.69149208
376 -10.67252445
377 -10.6535902
378 -10.63468933
379 -10.61582184
380 -10.59698677
381 -10.57818508
382 -10.55941677
383 -10.54068089
384 -10.52197838
385 -10.5033083
386 -10.48467064
387 -10.46606541
388 -10.44749355
389 -10.42895412
390 -10.41044712
391 -10.39197254
392 -10.37353039
393 -10.35512066
394 -10.33674335
395 -10.31839752
396 -10.30008411
397 -10.28180313
398 -10.26355362
399 -10.24533653
400 -10.22715187
401 -10.20899868
402 -10.19087696
403 -10.17278767
404 -10.15472984
405 -10.13670349
406 -10.11870861
407 -10.10074615
408 -10.08281517
409 -10.06491566
410 -10.04704762
411 -10.02921009
412 -10.01140404
413 -9.993629456
414 -9.975886345
415 -9.958173752
416 -9.94049263
417 -9.922842979
418 -9.905223846
419 -9.887636185
420 -9.870079041
421 -9.852552414
422 -9.835057259
423 -9.817592621
424 -9.800158501
425 -9.782754898
426 -9.765381813
427 -9.748039246
428 -9.730727196
429 -9.713445663
430 -9.696194649
431 -9.678974152
432 -9.661784172
433 -9.644623756
434 -9.627493858
435 -9.610394478
436 -9.593324661
437 -9.576284409
438 -9.559274673
439 -9.542294502
440 -9.525344849
441 -9.508424759
442 -9.491534233
443 -9.474673271
444 -9.457841873
445 -9.441040039
446 -9.424267769
447 -9.407525063
448 -9.39081192
449 -9.374128342
450 -9.357474327
451 -9.340849876
452 -9.324254036
453 -9.307687759
454 -9.291150093
455 -9.274641991
456 -9.258162498
457 -9.24171257
458 -9.225291252
459 -9.208899498
460 -9.192536354
461 -9.17620182
462 -9.159895897
463 -9.143618584
464 -9.127369881
465 -9.111149788
466 -9.094958305
467 -9.078795433
468 -9.062661171
469 -9.046555519
470 -9.030477524
471 -9.014428139
472 -8.998407364
473 -8.982415199
474 -8.966450691
475 -8.95051384
476 -8.934605598
477 -8.918725014
478 -8.902873039
479 -8.887048721
480 -8.87125206
481 -8.855483055
482 -8.839741707
483 -8.824028969
484 -8.808343887
485 -8.792686462
486 -8.77705574
487 -8.761452675
488 -8.745877266
489 -8.730329514
490 -8.714809418
491 -8.699316025
492 -8.683850288
493 -8.668412209
494 -8.653000832
495 -8.637617111
496 -8.622260094
497 -8.606929779
498 -8.591627121
499 -8.576351166
500 -8.561101913
501 -8.545880318
502 -8.530685425
503 -8.515517235
504 -8.500375748
505 -8.485260963
506 -8.470172882
507 -8.455111504
508 -8.440076828
509 -8.425067902
510 -8.410085678
511 -8.395130157
512 -8.38020134
513 -8.365298271
514 -8.350421906
515 -8.335571289
516 -8.320747375
517 -8.305949211
518 -8.29117775
519 -8.276432037
520 -8.261712074
521 -8.247018814
522 -8.232351303
523 -8.217709541
524 -8.203093529
525 -8.188503265
526 -8.173938751
527 -8.159399986
528 -8.144886971
529 -8.130399704
530 -8.115938187
531 -8.101501465
532 -8.087090492
533 -8.072705269
534 -8.058344841
535 -8.044010162
536 -8.029701233
537 -8.015417099
538 -8.001158714
539 -7.986925125
540 -7.972716808
541 -7.958533287
542 -7.944375038
543 -7.930241585
544 -7.916133404
545 -7.902050018
546 -7.887991428
547 -7.873957634
548 -7.859948635
549 -7.845964432
550 -7.832005024
551 -7.818070412
552 -7.804160595
553 -7.790275097
554 -7.776414394
555 -7.762578011
556 -7.748765945
557 -7.734978199
558 -7.721215248
559 -7.707476139
560 -7.693761349
561 -7.680070877
562 -7.666404724
563 -7.65276289
564 -7.639144897
565 -7.625551224
566 -7.611981392
567 -7.598435879
568 -7.584914207
569 -7.571416378
570 -7.55794239
571 -7.544492245
572 -7.531065941
573 -7.517663479
574 -7.504284382
575 -7.490929127
576 -7.477597237
577 -7.464289188
578 -7.451004505
579 -7.437743664
580 -7.424506187
581 -7.411292076
582 -7.39810133
583 -7.384933949
584 -7.371789932
585 -7.358668804
586 -7.345571041
587 -7.332496643
588 -7.319445133
589 -7.306416988
590 -7.293411732
591 -7.280429363
592 -7.26747036
593 -7.254534245
594 -7.241621017
595 -7.228730679
596 -7.215862751
597 -7.203017712
598 -7.19019556
599 -7.177396297
600 -7.164619446
601 -7.151865005
602 -7.139133453
603 -7.126424313
604 -7.113737583
605 -7.101073265
606 -7.088431358
607 -7.075811863
608 -7.063214779
609 -7.050640106
610 -7.038087845
611 -7.025557518
612 -7.013049603
613 -7.000563622
614 -6.988100052
615 -6.975658417
616 -6.963238716
617 -6.95084095
618 -6.938465118
619 -6.926111221
620 -6.913779259
621 -6.901469231
622 -6.889181137
623 -6.876914501
624 -6.8646698
625 -6.852447033
626 -6.840245724
627 -6.828065872
628 -6.815907478
629 -6.803771019
630 -6.791656017
631 -6.779562473
632 -6.767490387
633 -6.755439281
634 -6.743409634
635 -6.731401443
636 -6.719414711
637 -6.707448959
638 -6.695504665
639 -6.683581352
640 -6.67167902
641 -6.659797668
642 -6.647937775
643 -6.636098862
644 -6.62428093
645 -6.612483978
646 -6.600707531
647 -6.588952065
648 -6.577217579
649 -6.565504074
650 -6.553811073
651 -6.542139053
652 -6.530487537
653 -6.518856525
654 -6.507246017
655 -6.49565649
656 -6.484087467
657 -6.472538948
658 -6.461010933
659 -6.449502945
660 -6.438015461
661 -6.426548481
662 -6.415102005
663 -6.403675556
664 -6.392269611
665 -6.380883694
666 -6.369517803
667 -6.358172417
668 -6.346847057
669 -6.335541725
670 -6.32425642
671 -6.312991142
672 -6.301745892
673 -6.290520668
674 -6.279315472
675 -6.268129826
676 -6.256964207
677 -6.245818138
678 -6.234692097
679 -6.223585606
680 -6.212499142
681 -6.201432228
682 -6.190384865
683 -6.179357052
684 -6.168348789
685 -6.157360077
686 -6.146390915
687 -6.135441303
688 -6.124510765
689 -6.113599777
690 -6.10270834
691 -6.091835976
692 -6.080983162
693 -6.070149422
694 -6.059335232
695 -6.048540115
696 -6.037764072
697 -6.027007103
698 -6.016269207
699 -6.005550385
700 -5.994850636
701 -5.98416996
702 -5.973507881
703 -5.962864876
704 -5.952240944
705 -5.941635609
706 -5.931049347
707 -5.920481682
708 -5.909932613
709 -5.899402618
710 -5.88889122
711 -5.878398418
712 -5.867924213
713 -5.857468605
714 -5.847031593
715 -5.836613178
716 -5.82621336
717 -5.815831661
718 -5.805468559
719 -5.795124054
720 -5.784797668
721 -5.77448988
722 -5.764200211
723 -5.753928661
724 -5.743675709
725 -5.733440876
726 -5.723224163
727 -5.71302557
728 -5.702845097
729 -5.692682743
730 -5.682538509
731 -5.672411919
732 -5.662303448
733 -5.652213097
734 -5.642140388
735 -5.6320858
736 -5.622048855
737 -5.612030029
738 -5.602028847
739 -5.592045307
740 -5.582079887
741 -5.572132111
742 -5.562201977
743 -5.552289486
744 -5.542394161
745 -5.532516479
746 -5.522656441
747 -5.512814045
748 -5.502988815
749 -5.493181229
750 -5.483391285
751 -5.473618507
752 -5.463863373
753 -5.454125404
754 -5.444404602
755 -5.434700966
756 -5.425014973
757 -5.415346146
758 -5.405694485
759 -5.39605999
760 -5.386442184
761 -5.376841545
762 -5.367258072
763 -5.357691765
764 -5.348142147
765 -5.338609695
766 -5.329093933
767 -5.319595337
768 -5.31011343
769 -5.300648689
770 -5.291200638
771 -5.281769276
772 -5.272354603
773 -5.262956619
774 -5.253575802
775 -5.244211197
776 -5.234863281
777 -5.225532055
778 -5.216217518
779 -5.20691967
780 -5.197638035
781 -5.188373089
782 -5.179124832
783 -5.169892788
784 -5.160676956
785 -5.151477814
786 -5.142294884
787 -5.133128166
788 -5.123977661
789 -5.114843845
790 -5.105726242
791 -5.096624851
792 -5.087539196
793 -5.078469753
794 -5.069416523
795 -5.060379505
796 -5.0513587
797 -5.04235363
798 -5.033364773
799 -5.024391651
800 -5.015434742
801 -5.006493568
802 -4.997568607
803 -4.988659382
804 -4.979765892
805 -4.970888138
806 -4.962026119
807 -4.953179836
808 -4.944349289
809 -4.935534477
810 -4.926735401
811 -4.917952061
812 -4.909184456
813 -4.90043211
814 -4.891695499
815 -4.882974625
816 -4.874269009
817 -4.865578651
818 -4.85690403
819 -4.848244667
820 -4.83960104
821 -4.830972672
822 -4.822359562
823 -4.813761711
824 -4.805179119
825 -4.796611786
826 -4.788059711
827 -4.779522896
828 -4.771001339
829 -4.762495041
830 -4.754003525
831 -4.745527267
832 -4.737066269
833 -4.728620052
834 -4.720189095
835 -4.711772919
836 -4.703372002
837 -4.694985867
838 -4.686614513
839 -4.678258419
840 -4.669917107
841 -4.661590576
842 -4.653278828
843 -4.644981861
844 -4.636699677
845 -4.628432274
846 -4.620179176
847 -4.611940861
848 -4.603717327
849 -4.595508575
850 -4.587314129
851 -4.579134464
852 -4.570969105
853 -4.562818527
854 -4.554682255
855 -4.546560764
856 -4.538453579
857 -4.530360699
858 -4.522282124
859 -4.51421833
860 -4.506168842
861 -4.498133659
862 -4.490112782
863 -4.482105732
864 -4.474112988
865 -4.466134548
866 -4.458170414
867 -4.450220585
868 -4.442284584
869 -4.434362888
870 -4.426455498
871 -4.418561935
872 -4.410682678
873 -4.402817249
874 -4.394965649
875 -4.387128353
876 -4.379304886
877 -4.371495247
878 -4.363699436
879 -4.355917454
880 -4.3481493
881 -4.340394974
882 -4.332654476
883 -4.324927807
884 -4.317214966
885 -4.309515953
886 -4.301830769
887 -4.294158936
888 -4.286500931
889 -4.278856277
890 -4.271225452
891 -4.263608456
892 -4.25600481
893 -4.248414516
894 -4.240838051
895 -4.233274937
896 -4.225725174
897 -4.218188763
898 -4.210665703
899 -4.203156471
900 -4.195660591
901 -4.188177586
902 -4.180707932
903 -4.173251629
904 -4.165808678
905 -4.158379078
906 -4.15096283
907 -4.143559456
908 -4.136169434
909 -4.128792763
910 -4.121428967
911 -4.114078522
912 -4.106740952
913 -4.099416733
914 -4.092105389
915 -4.084806919
916 -4.077521324
917 -4.070249081
918 -4.062989712
919 -4.055743217
920 -4.048509598
921 -4.041288853
922 -4.034080982
923 -4.026885986
924 -4.019703865
925 -4.012534142
926 -4.005377293
927 -3.998233318
928 -3.99110198
929 -3.983983517
930 -3.976877689
931 -3.969784498
932 -3.962703943
933 -3.955636024
934 -3.948580503
935 -3.941537619
936 -3.93450737
937 -3.927489519
938 -3.920484304
939 -3.913491488
940 -3.906511068
941 -3.899543047
942 -3.892587423
943 -3.885644197
944 -3.878713369
945 -3.871794939
946 -3.864888906
947 -3.857995033
948 -3.851113558
949 -3.844244242
950 -3.837387085
951 -3.830542326
952 -3.823709726
953 -3.816889286
954 -3.810081005
955 -3.803284883
956 -3.796500683
957 -3.789728642
958 -3.78296876
959 -3.776220798
960 -3.769484758
961 -3.762760878
962 -3.756048918
963 -3.749348879
964 -3.742660761
965 -3.735984564
966 -3.729320288
967 -3.722667933
968 -3.716027498
969 -3.709398746
970 -3.702781916
971 -3.696176767
972 -3.68958354
973 -3.683001995
974 -3.676432133
975 -3.669873953
976 -3.663327456
977 -3.656792641
978 -3.650269508
979 -3.64375782
980 -3.637257814
981 -3.630769253
982 -3.624292374
983 -3.617826939
984 -3.611373186
985 -3.604930878
986 -3.598500013
987 -3.592080593
988 -3.585672617
989 -3.579276085
990 -3.572890997
991 -3.566517353
992 -3.560154915
993 -3.553803921
994 -3.547464132
995 -3.541135788
996 -3.534818649
997 -3.528512716
998 -3.522217989
999 -3.515934467
1000 -3.509662151
1001 -3.503401041
1002 -3.497151136
1003 -3.490912437
1004 -3.484684706
1005 -3.47846818
1006 -3.472262621
1007 -3.466068029
1008 -3.459884644
1009 -3.453712225
1010 -3.447550774
1011 -3.44140029
1012 -3.435260773
1013 -3.429132223
1014 -3.423014641
1015 -3.416908026
1016 -3.41081214
1017 -3.404727221
1018 -3.39865303
1019 -3.392589808
1020 -3.386537313
1021 -3.380495548
1022 -3.374464512
1023 -3.368444204
1024 -3.362434626
1025 -3.356435776
1026 -3.350447655
1027 -3.344470263
1028 -3.338503599
1029 -3.332547426
1030 -3.326601982
1031 -3.320667028
1032 -3.314742565
1033 -3.308828831
1034 -3.302925587
1035 -3.297032833
1036 -3.29115057
1037 -3.285278797
1038 -3.279417515
1039 -3.273566723
1040 -3.267726183
1041 -3.261896133
1042 -3.256076574
1043 -3.250267267
1044 -3.244468451
1045 -3.238679886
1046 -3.232901573
1047 -3.227133512
1048 -3.221375942
1049 -3.215628386
1050 -3.209891319
1051 -3.204164267
1052 -3.198447466
1053 -3.192740917
1054 -3.187044621
1055 -3.181358337
1056 -3.175682306
1057 -3.170016289
1058 -3.164360285
1059 -3.158714533
1060 -3.153078794
1061 -3.14745307
1062 -3.141837358
1063 -3.136231661
1064 -3.130635977
1065 -3.125050306
1066 -3.119474649
1067 -3.113908768
1068 -3.1083529
1069 -3.102806807
1070 -3.097270727
1071 -3.091744423
1072 -3.086228132
1073 -3.080721617
1074 -3.075224876
1075 -3.069737911
1076 -3.064260721
1077 -3.058793306
1078 -3.053335667
1079 -3.047887802
1080 -3.042449713
1081 -3.03702116
1082 -3.031602383
1083 -3.026193142
1084 -3.020793676
1085 -3.015403748
1086 -3.010023355
1087 -3.004652739
1088 -2.999291658
1089 -2.993940115
1090 -2.988598108
1091 -2.983265638
1092 -2.977942705
1093 -2.97262907
1094 -2.967324972
1095 -2.962030411
1096 -2.956745148
1097 -2.951469421
1098 -2.946202993
1099 -2.940946102
1100 -2.935698509
1101 -2.930460215
1102 -2.925231218
1103 -2.92001152
1104 -2.914801121
1105 -2.909600019
1106 -2.904408216
1107 -2.899225712
1108 -2.894052505
1109 -2.888888597
1110 -2.883733749
1111 -2.8785882
1112 -2.87345171
1113 -2.868324518
1114 -2.863206387
1115 -2.858097315
1116 -2.852997541
1117 -2.847906828
1118 -2.842825174
1119 -2.837752581
1120 -2.832689047
1121 -2.827634335
1122 -2.822588682
1123 -2.81755209
1124 -2.812524557
1125 -2.807505846
1126 -2.802496195
1127 -2.797495365
1128 -2.792503595
1129 -2.787520647
1130 -2.78254652
1131 -2.777581215
1132 -2.772624969
1133 -2.767677546
1134 -2.762738943
1135 -2.757809162
1136 -2.752887964
1137 -2.747975588
1138 -2.743072033
1139 -2.738177061
1140 -2.733290911
1141 -2.728413582
1142 -2.723544836
1143 -2.718684912
1144 -2.71383357
1145 -2.708990812
1146 -2.704156637
1147 -2.699331284
1148 -2.694514513
1149 -2.689706326
1150 -2.684906721
1151 -2.680115461
1152 -2.675332785
1153 -2.670558691
1154 -2.66579318
1155 -2.661036015
1156 -2.656287432
1157 -2.651547194
1158 -2.646815538
1159 -2.642092228
1160 -2.637377501
1161 -2.632671118
1162 -2.62797308
1163 -2.623283386
1164 -2.618602037
1165 -2.613929033
1166 -2.609264374
1167 -2.604608059
1168 -2.599960089
1169 -2.595320463
1170 -2.590689182
1171 -2.586066008
1172 -2.581451178
1173 -2.576844454
1174 -2.572246075
1175 -2.567655802
1176 -2.563073874
1177 -2.558500051
1178 -2.553934336
1179 -2.549376726
1180 -2.544827223
1181 -2.540285826
1182 -2.535752535
1183 -2.53122735
1184 -2.526710272
1185 -2.5222013
1186 -2.517700434
1187 -2.513207436
1188 -2.508722544
1189 -2.50424552
1190 -2.499776602
1191 -2.495315552
1192 -2.490862608
1193 -2.486417532
1194 -2.481980324
1195 -2.477550983
1196 -2.473129749
1197 -2.468716383
1198 -2.464310884
1199 -2.459913015
1200 -2.455523014
1201 -2.451140881
1202 -2.446766615
1203 -2.442400217
1204 -2.438041449
1205 -2.433690548
1206 -2.429347515
1207 -2.425012112
1208 -2.420684338
1209 -2.416364431
1210 -2.412052155
1211 -2.407747507
1212 -2.403450727
1213 -2.399161577
1214 -2.394880056
1215 -2.390606165
1216 -2.386339903
1217 -2.38208127
1218 -2.377830267
1219 -2.373586655
1220 -2.369350672
1221 -2.365122318
1222 -2.360901356
1223 -2.356688023
1224 -2.352482319
1225 -2.348284006
1226 -2.344093084
1227 -2.339909792
1228 -2.335733891
1229 -2.33156538
1230 -2.327404499
1231 -2.323251009
1232 -2.31910491
1233 -2.314966202
1234 -2.310834885
1235 -2.30671072
1236 -2.302593946
1237 -2.298484564
1238 -2.294382572
1239 -2.290287971
1240 -2.286200523
1241 -2.282120466
1242 -2.278047562
1243 -2.273982048
1244 -2.269923687
1245 -2.265872717
1246 -2.261828899
1247 -2.257792234
1248 -2.25376296
1249 -2.249740839
1250 -2.24572587
1251 -2.241718054
1252 -2.23771739
1253 -2.233723879
1254 -2.229737282
1255 -2.225757837
1256 -2.221785545
1257 -2.217820406
1258 -2.213862181
1259 -2.209911108
1260 -2.205967188
1261 -2.202030182
1262 -2.198100328
1263 -2.194177389
1264 -2.190261364
1265 -2.186352491
1266 -2.182450533
1267 -2.178555489
1268 -2.174667358
1269 -2.170786142
1270 -2.16691184
1271 -2.163044453
1272 -2.159183979
1273 -2.15533042
1274 -2.151483774
1275 -2.147644043
1276 -2.143811226
1277 -2.139985085
1278 -2.136165857
1279 -2.132353544
1280 -2.128547907
1281 -2.124749184
1282 -2.120957136
1283 -2.117171764
1284 -2.113393307
1285 -2.109621525
1286 -2.105856419
1287 -2.102097988
1288 -2.098346233
1289 -2.094601154
1290 -2.090862989
1291 -2.087131262
1292 -2.08340621
1293 -2.079687834
1294 -2.075976133
1295 -2.072271109
1296 -2.06857276
1297 -2.064880848
1298 -2.061195612
1299 -2.057516813
1300 -2.05384469
1301 -2.050179005
1302 -2.046519995
1303 -2.042867422
1304 -2.039221287
1305 -2.035581827
1306 -2.031948805
1307 -2.02832222
1308 -2.024702072
1309 -2.021088362
1310 -2.017481089
1311 -2.013880491
1312 -2.010286093
1313 -2.006698132
1314 -2.003116608
1315 -1.999541521
1316 -1.995972872
1317 -1.992410541
1318 -1.988854527
1319 -1.985304832
1320 -1.981761456
1321 -1.978224516
1322 -1.974693775
1323 -1.971169353
1324 -1.967651248
1325 -1.964139462
1326 -1.960633874
1327 -1.957134604
1328 -1.953641534
1329 -1.950154662
1330 -1.946673989
1331 -1.943199635
1332 -1.939731479
1333 -1.936269403
1334 -1.932813525
1335 -1.929363847
1336 -1.925920367
1337 -1.922482967
1338 -1.919051766
1339 -1.915626645
1340 -1.912207603
1341 -1.908794641
1342 -1.905387759
1343 -1.901986957
1344 -1.898592234
1345 -1.89520359
1346 -1.891821027
1347 -1.888444543
1348 -1.885074019
1349 -1.881709576
1350 -1.878351092
1351 -1.874998569
1352 -1.871652007
1353 -1.868311405
1354 -1.864976764
1355 -1.861648083
1356 -1.858325362
1357 -1.855008602
1358 -1.851697683
1359 -1.848392725
1360 -1.845093727
1361 -1.84180057
1362 -1.838513255
1363 -1.835231781
1364 -1.831956148
1365 -1.828686476
1366 -1.825422525
1367 -1.822164416
1368 -1.818912148
1369 -1.815665722
1370 -1.812425017
1371 -1.809190154
1372 -1.805961013
1373 -1.802737713
1374 -1.799520135
1375 -1.796308279
1376 -1.793102145
1377 -1.789901733
1378 -1.786707044
1379 -1.783518076
1380 -1.780334711
1381 -1.777157068
1382 -1.773985147
1383 -1.77081883
1384 -1.767658234
1385 -1.764503241
1386 -1.76135385
1387 -1.758210063
1388 -1.755071878
1389 -1.751939297
1390 -1.748812318
1391 -1.745690942
1392 -1.742575169
1393 -1.739464879
1394 -1.736360192
1395 -1.733260989
1396 -1.730167389
1397 -1.727079272
1398 -1.723996639
1399 -1.72091949
1400 -1.717847824
1401 -1.714781642
1402 -1.711720943
1403 -1.708665729
1404 -1.705615997
1405 -1.70257163
1406 -1.699532747
1407 -1.696499348
1408 -1.693471313
1409 -1.690448642
1410 -1.687431335
1411 -1.684419513
1412 -1.681413054
1413 -1.678411961
1414 -1.675416231
1415 -1.672425747
1416 -1.669440627
1417 -1.666460872
1418 -1.663486362
1419 -1.660517216
1420 -1.657553315
1421 -1.654594779
1422 -1.651641488
1423 -1.648693442
1424 -1.645750761
1425 -1.642813325
1426 -1.639881015
1427 -1.63695395
1428 -1.63403213
1429 -1.631115556
1430 -1.628204226
1431 -1.625298023
1432 -1.622397065
1433 -1.619501233
1434 -1.616610527
1435 -1.613725066
1436 -1.610844731
1437 -1.607969522
1438 -1.60509944
1439 -1.602234483
1440 -1.599374652
1441 -1.596519947
1442 -1.593670249
1443 -1.590825677
1444 -1.587986231
1445 -1.585151792
1446 -1.582322478
1447 -1.579498172
1448 -1.576678872
1449 -1.573864579
1450 -1.571055412
1451 -1.568251252
1452 -1.56545198
1453 -1.562657714
1454 -1.559868455
1455 -1.557084203
1456 -1.554304957
1457 -1.5515306
1458 -1.548761249
1459 -1.545996785
1460 -1.543237329
1461 -1.540482759
1462 -1.537733078
1463 -1.534988284
1464 -1.532248378
1465 -1.529513359
1466 -1.526783228
1467 -1.524057984
1468 -1.521337628
1469 -1.51862216
1470 -1.51591146
1471 -1.513205647
1472 -1.510504723
1473 -1.507808566
1474 -1.505117178
1475 -1.502430677
1476 -1.499748945
1477 -1.497071981
1478 -1.494399786
1479 -1.491732359
1480 -1.4890697
1481 -1.48641181
1482 -1.483758688
1483 -1.481110215
1484 -1.478466511
1485 -1.475827575
1486 -1.473193288
1487 -1.47056365
1488 -1.467938781
1489 -1.465318561
1490 -1.46270299
1491 -1.460092187
1492 -1.457486033
1493 -1.454884529
1494 -1.452287555
1495 -1.44969523
1496 -1.447107553
1497 -1.444524527
1498 -1.441946149
1499 -1.439372301
1500 -1.436803102
1501 -1.434238434
1502 -1.431678414
1503 -1.429122925
1504 -1.426571965
1505 -1.424025536
1506 -1.421483636
1507 -1.418946385
1508 -1.416413546
1509 -1.413885236
1510 -1.411361456
1511 -1.408842206
1512 -1.406327486
1513 -1.403817296
1514 -1.401311517
1515 -1.398810267
1516 -1.396313429
1517 -1.393821001
1518 -1.391333103
1519 -1.388849616
1520 -1.38637054
1521 -1.383895874
1522 -1.381425619
1523 -1.378959775
1524 -1.376498342
1525 -1.374041319
1526 -1.371588707
1527 -1.369140506
1528 -1.366696596
1529 -1.364257097
1530 -1.36182189
1531 -1.359391093
1532 -1.356964588
1533 -1.354542494
1534 -1.352124691
1535 -1.34971118
1536 -1.34730196
1537 -1.344897032
1538 -1.342496395
1539 -1.34010005
1540 -1.337707996
1541 -1.335320234
1542 -1.332936764
1543 -1.330557466
1544 -1.328182459
1545 -1.325811625
1546 -1.323445082
1547 -1.321082711
1548 -1.318724632
1549 -1.316370726
1550 -1.314020991
1551 -1.311675429
1552 -1.30933404
1553 -1.306996942
1554 -1.304664016
1555 -1.302335143
1556 -1.300010443
1557 -1.297689915
1558 -1.295373559
1559 -1.293061256
1560 -1.290753126
1561 -1.288449168
1562 -1.286149263
1563 -1.283853531
1564 -1.281561852
1565 -1.279274225
1566 -1.276990771
1567 -1.27471137
1568 -1.272436023
1569 -1.270164728
1570 -1.267897487
1571 -1.265634298
1572 -1.263375163
1573 -1.261119962
1574 -1.258868814
1575 -1.256621718
1576 -1.254378676
1577 -1.252139568
1578 -1.249904513
1579 -1.247673392
1580 -1.245446324
1581 -1.24322319
1582 -1.24100399
1583 -1.238788724
1584 -1.236577511
1585 -1.234370232
1586 -1.232166886
1587 -1.229967475
1588 -1.227771997
1589 -1.225580335
1590 -1.223392606
1591 -1.221208811
1592 -1.21902895
1593 -1.216853023
1594 -1.21468091
1595 -1.212512732
1596 -1.210348368
1597 -1.208187819
1598 -1.206031203
1599 -1.203878403
1600 -1.201729417
1601 -1.199584246
1602 -1.197443008
1603 -1.195305586
1604 -1.193171978
1605 -1.191042185
1606 -1.188916087
1607 -1.186793804
1608 -1.184675336
1609 -1.182560682
1610 -1.180449724
1611 -1.178342581
1612 -1.176239252
1613 -1.174139619
1614 -1.172043681
1615 -1.169951558
1616 -1.167863131
1617 -1.165778399
1618 -1.163697481
1619 -1.161620259
1620 -1.159546733
1621 -1.157476902
1622 -1.155410767
1623 -1.153348327
1624 -1.151289582
1625 -1.149234533
1626 -1.147183061
1627 -1.145135283
1628 -1.143091202
1629 -1.141050696
1630 -1.139013886
1631 -1.136980653
1632 -1.134951115
1633 -1.132925153
1634 -1.130902886
1635 -1.128884196
1636 -1.126869082
1637 -1.124857545
1638 -1.122849584
1639 -1.120845199
1640 -1.11884439
1641 -1.116847157
1642 -1.114853501
1643 -1.112863421
1644 -1.110876918
1645 -1.108893991
1646 -1.106914639
1647 -1.104938745
1648 -1.102966428
1649 -1.100997567
1650 -1.099032283
1651 -1.097070456
1652 -1.095112085
1653 -1.093157291
1654 -1.091205955
1655 -1.089258075
1656 -1.087313771
1657 -1.085372925
1658 -1.083435535
1659 -1.081501603
1660 -1.079571009
1661 -1.077643871
1662 -1.075720191
1663 -1.073799968
1664 -1.071883202
1665 -1.069969893
1666 -1.068059921
1667 -1.066153407
1668 -1.064250231
1669 -1.062350512
1670 -1.06045413
1671 -1.058561206
1672 -1.056671619
1673 -1.054785371
1674 -1.052902579
1675 -1.051023126
1676 -1.04914701
1677 -1.047274232
1678 -1.045404792
1679 -1.04353869
1680 -1.041675925
1681 -1.039816499
1682 -1.03796041
1683 -1.03610754
1684 -1.034258008
1685 -1.032411814
1686 -1.030568838
1687 -1.0287292
1688 -1.026892781
1689 -1.0250597
1690 -1.023229837
1691 -1.021403313
1692 -1.019580007
1693 -1.017760038
1694 -1.015943289
1695 -1.014129758
1696 -1.012319446
1697 -1.010512352
1698 -1.008708477
1699 -1.006907821
1700 -1.005110383
1701 -1.003316164
1702 -1.001525164
1703 -0.9997373819
1704 -0.9979527593
1705 -0.9961713552
1706 -0.9943931103
1707 -0.9926180243
1708 -0.9908461571
1709 -0.9890774488
1710 -0.9873118997
1711 -0.9855495095
1712 -0.9837902188
1713 -0.9820340872
1714 -0.9802811146
1715 -0.9785312414
1716 -0.9767844677
1717 -0.975040853
1718 -0.9733003378
1719 -0.971562922
1720 -0.9698286057
1721 -0.9680973887
1722 -0.9663692713
1723 -0.9646442533
1724 -0.9629222751
1725 -0.9612033963
1726 -0.9594875574
1727 -0.9577748179
1728 -0.9560651183
1729 -0.9543584585
1730 -0.9526548386
1731 -0.9509542584
1732 -0.9492567182
1733 -0.9475622177
1734 -0.9458707571
1735 -0.9441822767
1736 -0.9424968362
1737 -0.9408143759
1738 -0.9391349554
1739 -0.9374585152
1740 -0.9357850552
1741 -0.934114635
1742 -0.9324471951
1743 -0.9307827353
1744 -0.9291211963
1745 -0.9274626374
1746 -0.9258070588
1747 -0.9241544008
1748 -0.9225047231
1749 -0.9208579659
1750 -0.9192141891
1751 -0.9175733328
1752 -0.9159353971
1753 -0.9143003821
1754 -0.9126682878
1755 -0.911039114
1756 -0.9094128609
1757 -0.9077894688
1758 -0.9061689973
1759 -0.9045513868
1760 -0.902936697
1761 -0.9013248682
1762 -0.8997159004
1763 -0.8981098533
1764 -0.8965066671
1765 -0.894906342
1766 -0.8933088779
1767 -0.8917142749
1768 -0.8901224732
1769 -0.8885335326
1770 -0.886947453
1771 -0.8853641748
1772 -0.8837836981
1773 -0.8822060823
1774 -0.880631268
1775 -0.8790592551
1776 -0.8774900436
1777 -0.8759236336
1778 -0.8743600249
1779 -0.8727992177
1780 -0.8712412119
1781 -0.8696859479
1782 -0.8681334853
1783 -0.8665837646
1784 -0.8650368452
1785 -0.8634926677
1786 -0.861951232
1787 -0.8604125977
1788 -0.8588767052
1789 -0.8573435545
1790 -0.8558131456
1791 -0.854285419
1792 -0.8527604342
1793 -0.8512381911
1794 -0.8497186303
1795 -0.8482018113
1796 -0.8466876745
1797 -0.8451762795
1798 -0.8436675668
1799 -0.8421615362
1800 -0.8406581879
1801 -0.8391575217
1802 -0.8376595378
1803 -0.8361642361
1804 -0.8346716166
1805 -0.8331816792
1806 -0.8316943645
1807 -0.8302097321
1808 -0.8287277222
1809 -0.8272483349
1810 -0.8257716298
1811 -0.8242975473
1812 -0.8228260875
1813 -0.8213572502
1814 -0.8198910356
1815 -0.8184274435
1816 -0.8169664741
1817 -0.8155081272
1818 -0.8140523434
1819 -0.8125991821
1820 -0.8111486435
1821 -0.8097006679
1822 -0.8082552552
1823 -0.8068124652
1824 -0.8053722382
1825 -0.8039345741
1826 -0.8024994731
1827 -0.8010669351
1828 -0.79963696
1829 -0.798209548
1830 -0.7967846394
1831 -0.7953622937
1832 -0.7939425111
1833 -0.7925252318
1834 -0.7911105156
1835 -0.7896983027
1836 -0.7882885933
1837 -0.7868813872
1838 -0.7854767442
1839 -0.7840746045
1840 -0.7826749682
1841 -0.7812778354
1842 -0.7798831463
1843 -0.7784909606
1844 -0.7771012783
1845 -0.7757140398
1846 -0.7743293047
1847 -0.772947073
1848 -0.7715672851
1849 -0.7701899409
1850 -0.7688150406
1851 -0.7674426436
1852 -0.7660726905
1853 -0.7647051811
1854 -0.7633401155
1855 -0.7619774938
1856 -0.7606172562
1857 -0.7592594624
1858 -0.7579041123
1859 -0.7565511465
1860 -0.7552006245
1861 -0.7538524866
1862 -0.7525067925
1863 -0.7511634827
1864 -0.749822557
1865 -0.7484840155
1866 -0.7471479177
1867 -0.7458142042
1868 -0.7444828153
1869 -0.7431538105
1870 -0.7418271899
1871 -0.7405029535
1872 -0.7391811013
1873 -0.7378615737
1874 -0.7365444303
1875 -0.7352296114
1876 -0.7339171171
1877 -0.732607007
1878 -0.7312992215
1879 -0.7299937606
1880 -0.7286906242
1881 -0.7273898125
1882 -0.7260913253
1883 -0.7247951627
1884 -0.7235013247
1885 -0.7222098112
1886 -0.7209205627
1887 -0.7196336389
1888 -0.7183490396
1889 -0.7170667052
1890 -0.7157866359
1891 -0.7145088911
1892 -0.7132334113
1893 -0.7119601965
1894 -0.7106892467
1895 -0.7094205618
1896 -0.7081541419
1897 -0.706889987
1898 -0.7056280971
1899 -0.7043684721
1900 -0.7031111121
1901 -0.7018559575
1902 -0.7006030679
1903 -0.6993524432
1904 -0.6981040239
1905 -0.69685781
1906 -0.6956138611
1907 -0.6943721175
1908 -0.6931325793
1909 -0.6918952465
1910 -0.6906601191
1911 -0.689427197
1912 -0.6881964803
1913 -0.6869679689
1914 -0.685741663
1915 -0.6845175624
1916 -0.6832956076
1917 -0.6820758581
1918 -0.6808582544
1919 -0.6796428561
1920 -0.6784296036
1921 -0.6772185564
1922 -0.676009655
1923 -0.6748028994
1924 -0.6735982895
1925 -0.6723958254
1926 -0.671195507
1927 -0.6699973345
1928 -0.6688013077
1929 -0.6676074266
1930 -0.6664156914
1931 -0.6652260423
1932 -0.6640385389
1933 -0.6628531814
1934 -0.66166991
1935 -0.6604887843
1936 -0.6593097448
1937 -0.6581327915
1938 -0.6569579244
1939 -0.655785203
1940 -0.6546145678
1941 -0.6534460187
1942 -0.6522795558
1943 -0.6511151791
1944 -0.6499528885
1945 -0.6487926245
1946 -0.6476344466
1947 -0.6464783549
1948 -0.6453242898
1949 -0.6441723108
1950 -0.643022418
1951 -0.6418745518
1952 -0.6407287121
1953 -0.6395849586
1954 -0.6384432316
1955 -0.6373035312
1956 -0.6361658573
1957 -0.63503021
1958 -0.6338965893
1959 -0.6327649951
1960 -0.6316354275
1961 -0.6305078864
1962 -0.6293823719
1963 -0.6282588243
1964 -0.6271373034
1965 -0.6260178089
1966 -0.6249002814
1967 -0.6237847805
1968 -0.6226712465
1969 -0.6215596795
1970 -0.620450139
1971 -0.6193425655
1972 -0.618236959
1973 -0.6171333194
1974 -0.6160316467
1975 -0.614931941
1976 -0.6138342023
1977 -0.6127384305
1978 -0.6116446257
1979 -0.6105527878
1980 -0.6094628572
1981 -0.6083748937
1982 -0.6072888374
1983 -0.6062047482
1984 -0.6051225662
1985 -0.6040423512
1986 -0.6029640436
1987 -0.6018877029
1988 -0.6008132696
1989 -0.5997407436
1990 -0.598670125
1991 -0.5976014137
1992 -0.5965346098
1993 -0.5954697132
1994 -0.594406724
1995 -0.5933456421
1996 -0.5922864676
1997 -0.5912291408
1998 -0.5901737213
1999 -0.5891201496
2000 -0.5880684853
2001 -0.5870187283
2002 -0.585970819
2003 -0.5849247575
2004 -0.5838806033
2005 -0.5828382969
2006 -0.5817978382
2007 -0.5807592273
2008 -0.5797225237
2009 -0.5786876678
2010 -0.5776546597
2011 -0.5766234398
2012 -0.5755940676
2013 -0.5745665431
2014 -0.5735408664
2015 -0.5725170374
2016 -0.5714949965
2017 -0.5704748034
2018 -0.5694564581
2019 -0.5684399009
2020 -0.5674251914
2021 -0.5664122701
2022 -0.5654011369
2023 -0.5643918514
2024 -0.5633843541
2025 -0.5623786449
2026 -0.5613747239
2027 -0.560372591
2028 -0.5593722463
2029 -0.5583736897
2030 -0.5573769212
2031 -0.5563819408
2032 -0.5553887486
2033 -0.554397285
2034 -0.5534076095
2035 -0.5524197221
2036 -0.5514335632
2037 -0.5504491925
2038 -0.5494665504
2039 -0.5484856963
2040 -0.5475065708
2041 -0.5465291739
2042 -0.545553565
2043 -0.5445796847
2044 -0.543607533
2045 -0.5426371098
2046 -0.5416684151
2047 -0.5407014489
2048 -0.5397362113
2049 -0.5387727022
2050 -0.5378109217
2051 -0.5368508697
2052 -0.5358924866
2053 -0.534935832
2054 -0.533980906
2055 -0.5330276489
2056 -0.5320761204
2057 -0.5311262608
2058 -0.5301781297
2059 -0.5292316675
2060 -0.5282869339
2061 -0.5273438692
2062 -0.5264024734
2063 -0.5254627466
2064 -0.5245247483
2065 -0.523588419
2066 -0.5226537585
2067 -0.521720767
2068 -0.5207894444
2069 -0.5198597312
2070 -0.5189316869
2071 -0.5180053115
2072 -0.517080605
2073 -0.5161575675
2074 -0.5152361393
2075 -0.51431638
2076 -0.5133982301
2077 -0.5124817491
2078 -0.5115668774
2079 -0.5106536746
2080 -0.5097420812
2081 -0.5088320971
2082 -0.5079237819
2083 -0.507017076
2084 -0.5061119795
2085 -0.5052084923
2086 -0.5043066144
2087 -0.5034063458
2088 -0.5025076866
2089 -0.5016106367
2090 -0.5007151961
2091 -0.4998213649
2092 -0.4989291131
2093 -0.4980384409
2094 -0.4971493781
2095 -0.4962618947
2096 -0.4953759909
2097 -0.4944916666
2098 -0.4936089218
2099 -0.4927277565
2100 -0.4918481708
2101 -0.4909701645
2102 -0.490093708
2103 -0.4892188311
2104 -0.4883455038
2105 -0.4874737263
2106 -0.4866035283
2107 -0.48573488
2108 -0.4848677814
2109 -0.4840022326
2110 -0.4831382036
2111 -0.4822757244
2112 -0.4814147949
2113 -0.4805554152
2114 -0.4796975553
2115 -0.4788412154
2116 -0.4779864252
2117 -0.4771331549
2118 -0.4762814045
2119 -0.475431174
2120 -0.4745824635
2121 -0.4737352729
2122 -0.4728896022
2123 -0.4720454216
2124 -0.4712027609
2125 -0.4703615904
2126 -0.4695219398
2127 -0.4686837792
2128 -0.4678471088
2129 -0.4670119286
2130 -0.4661782384
2131 -0.4653460383
2132 -0.4645153284
2133 -0.4636861086
2134 -0.4628583491
2135 -0.4620320797
2136 -0.4612073004
2137 -0.4603839815
2138 -0.4595621228
2139 -0.4587417245
2140 -0.4579228163
2141 -0.4571053684
2142 -0.4562893808
2143 -0.4554748535
2144 -0.4546617568
2145 -0.4538501203
2146 -0.4530399442
2147 -0.4522311985
2148 -0.4514239132
2149 -0.4506180584
2150 -0.4498136342
2151 -0.4490106404
2152 -0.4482090771
2153 -0.4474089742
2154 -0.4466102719
2155 -0.4458130002
2156 -0.445017159
2157 -0.4442227483
2158 -0.4434297383
2159 -0.4426381588
2160 -0.44184798
2161 -0.4410592318
2162 -0.4402718842
2163 -0.4394859374
2164 -0.4387013912
2165 -0.4379182458
2166 -0.4371365011
2167 -0.4363561571
2168 -0.435577184
2169 -0.4347996116
2170 -0.4340234399
2171 -0.4332486391
2172 -0.4324752092
2173 -0.4317031801
2174 -0.4309325218
2175 -0.4301632345
2176 -0.429395318
2177 -0.4286287725
2178 -0.4278635979
2179 -0.4270997941
2180 -0.4263373613
2181 -0.4255762696
2182 -0.4248165488
2183 -0.4240581989
2184 -0.4233011901
2185 -0.4225455225
2186 -0.4217912257
2187 -0.42103827
2188 -0.4202866554
2189 -0.419536382
2190 -0.4187874496
2191 -0.4180398583
2192 -0.4172936082
2193 -0.4165486693
2194 -0.4158050716
2195 -0.4150627851
2196 -0.4143218398
2197 -0.4135822058
2198 -0.4128439128
2199 -0.4121069312
2200 -0.4113712609
2201 -0.4106369019
2202 -0.4099038541
2203 -0.4091721177
2204 -0.4084416926
2205 -0.407712549
2206 -0.4069847167
2207 -0.4062581956
2208 -0.4055329561
2209 -0.4048090279
2210 -0.4040863812
2211 -0.403365016
2212 -0.4026449621
2213 -0.4019261897
2214 -0.4012086987
2215 -0.4004924893
2216 -0.3997775614
2217 -0.3990638852
2218 -0.3983514905
2219 -0.3976403773
2220 -0.3969305158
2221 -0.3962219357
2222 -0.3955146074
2223 -0.3948085606
2224 -0.3941037655
2225 -0.3934002221
2226 -0.3926979601
2227 -0.3919969499
2228 -0.3912971616
2229 -0.3905986249
2230 -0.38990134
2231 -0.3892053068
2232 -0.3885105252
2233 -0.3878169656
2234 -0.3871246576
2235 -0.3864335716
2236 -0.3857437372
2237 -0.3850551248
2238 -0.3843677342
2239 -0.3836815655
2240 -0.3829966486
2241 -0.3823129535
2242 -0.3816304803
2243 -0.3809491992
2244 -0.38026914
2245 -0.3795903027
2246 -0.3789126873
2247 -0.378236264
2248 -0.3775610626
2249 -0.3768870533
2250 -0.3762142658
2251 -0.3755426705
2252 -0.3748722672
2253 -0.3742030561
2254 -0.373535037
2255 -0.3728682101
2256 -0.3722025752
2257 -0.3715381324
2258 -0.3708748817
2259 -0.3702128232
2260 -0.3695519269
2261 -0.3688922226
2262 -0.3682337105
2263 -0.3675763607
2264 -0.3669201732
2265 -0.3662651777
2266 -0.3656113446
2267 -0.3649586737
2268 -0.3643071651
2269 -0.3636568189
2270 -0.3630076349
2271 -0.3623596132
2272 -0.3617127538
2273 -0.3610670567
2274 -0.360422492
2275 -0.3597790897
2276 -0.3591368198
2277 -0.3584957123
2278 -0.3578557372
2279 -0.3572169244
2280 -0.3565792441
2281 -0.3559426963
2282 -0.355307281
2283 -0.3546729982
2284 -0.3540398479
2285 -0.35340783
2286 -0.3527769446
2287 -0.3521471918
2288 -0.3515185416
2289 -0.3508910239
2290 -0.3502646387
2291 -0.3496393561
2292 -0.3490152061
2293 -0.3483921587
2294 -0.3477702141
2295 -0.3471494019
2296 -0.3465296924
2297 -0.3459110856
2298 -0.3452935815
2299 -0.3446771801
2300 -0.3440618813
2301 -0.3434476852
2302 -0.3428345919
2303 -0.3422225714
2304 -0.3416116536
2305 -0.3410018384
2306 -0.3403930962
2307 -0.3397854567
2308 -0.33917889
2309 -0.3385733962
2310 -0.3379690051
2311 -0.3373656869
2312 -0.3367634416
2313 -0.3361622691
2314 -0.3355621696
2315 -0.3349631429
2316 -0.3343651891
2317 -0.3337682784
2318 -0.3331724405
2319 -0.3325776756
2320 -0.3319839537
2321 -0.3313913047
2322 -0.3307997286
2323 -0.3302091956
2324 -0.3296197057
2325 -0.3290312886
2326 -0.3284439147
2327 -0.3278575838
2328 -0.327272296
2329 -0.3266880512
2330 -0.3261048496
2331 -0.325522691
2332 -0.3249415755
2333 -0.3243615031
2334 -0.3237824738
2335 -0.3232044578
2336 -0.3226274848
2337 -0.3220515549
2338 -0.3214766383
2339 -0.3209027648
2340 -0.3203299046
2341 -0.3197580576
2342 -0.3191872239
2343 -0.3186174333
2344 -0.318048656
2345 -0.3174808919
2346 -0.3169141412
2347 -0.3163484037
2348 -0.3157836795
2349 -0.3152199388
2350 -0.3146572113
2351 -0.3140954971
2352 -0.3135347962
2353 -0.3129750788
2354 -0.3124163747
2355 -0.311858654
2356 -0.3113019466
2357 -0.3107462227
2358 -0.3101914823
2359 -0.3096377552
2360 -0.3090850115
2361 -0.3085332513
2362 -0.3079824746
2363 -0.3074326813
2364 -0.3068838716
2365 -0.3063360453
2366 -0.3057892025
2367 -0.3052433133
2368 -0.3046984076
2369 -0.3041544855
2370 -0.303611517
2371 -0.3030695319
2372 -0.3025285006
2373 -0.3019884527
2374 -0.3014493585
2375 -0.3009112179
2376 -0.3003740609
2377 -0.2998378575
2378 -0.2993026078
2379 -0.2987683117
2380 -0.2982349694
2381 -0.2977025807
2382 -0.2971711457
2383 -0.2966406345
2384 -0.2961110771
2385 -0.2955824733
2386 -0.2950548232
2387 -0.2945280969
2388 -0.2940023243
2389 -0.2934774756
2390 -0.2929535806
2391 -0.2924306095
2392 -0.291908592
2393 -0.2913874984
2394 -0.2908673286
2395 -0.2903480828
2396 -0.2898297608
2397 -0.2893123627
2398 -0.2887958884
2399 -0.288280338
2400 -0.2877657115
2401 -0.2872520089
2402 -0.2867392302
2403 -0.2862273455
2404 -0.2857163846
2405 -0.2852063477
2406 -0.2846972048
2407 -0.2841889858
2408 -0.2836816609
