1 -30
2 -30
3 -30
4 -30
5 -29.10942841
6 -26.46963501
7 -24.09542465
8 -21.94970703
9 -20.00320816
10 -18.23222351
11 -16.61714935
12 -15.14147949
13 -13.79113007
14 -12.55391693
15 -11.4192276
16 -10.37770844
17 -9.421051025
18 -8.541854858
19 -7.73348999
20 -6.989967346
21 -6.305885315
22 -5.676345825
23 -5.096885681
24 -4.563438416
25 -4.072288513
26 -3.620056152
27 -3.203620911
28 -2.820144653
29 -2.467002869
30 -2.141799927
31 -1.842323303
32 -1.566551208
33 -1.312614441
34 -1.078804016
35 -0.86353302
36 -0.6653518677
37 -0.4829101562
38 -0.3149719238
39 -0.16040802
40 -0.01816558838
41 0.1127090454
42 0.2331237793
43 0.3438949585
44 0.4457702637
45 0.5394515991
46 0.6255722046
47 0.7047348022
48 0.7774810791
49 0.8443145752
50 0.9056930542
51 0.9620513916
52 1.013778687
53 1.06124115
54 1.104774475
55 1.144676208
56 1.181243896
57 1.214729309
58 1.245384216
59 1.273422241
60 1.299049377
61 1.32245636
62 1.343818665
63 1.363288879
64 1.381027222
65 1.397163391
66 1.411834717
67 1.425140381
68 1.437194824
69 1.448097229
70 1.457931519
71 1.466789246
72 1.474739075
73 1.481864929
74 1.488220215
75 1.493873596
76 1.498878479
77 1.503288269
78 1.507141113
79 1.510482788
80 1.51335907
81 1.515808105
82 1.517860413
83 1.519538879
84 1.520889282
85 1.52192688
86 1.52268219
87 1.523170471
88 1.523422241
89 1.523445129
90 1.523269653
91 1.522903442
92 1.522354126
93 1.521652222
94 1.520805359
95 1.519821167
96 1.518714905
97 1.517494202
98 1.516166687
99 1.51474762
100 1.513237
101 1.511650085
102 1.509986877
103 1.508255005
104 1.506462097
105 1.504608154
106 1.502700806
107 1.500740051
108 1.49874115
109 1.496704102
110 1.494628906
111 1.492523193
112 1.490379333
113 1.488212585
114 1.48601532
115 1.483802795
116 1.481567383
117 1.479309082
118 1.477035522
119 1.474746704
120 1.472442627
121 1.47013092
122 1.467803955
123 1.46546936
124 1.463119507
125 1.460769653
126 1.458404541
127 1.456031799
128 1.453659058
129 1.451278687
130 1.448898315
131 1.446510315
132 1.444122314
133 1.441726685
134 1.439331055
135 1.43693161
136 1.434539795
137 1.432144165
138 1.429748535
139 1.427352905
140 1.424953461
141 1.422554016
142 1.420154572
143 1.417762756
144 1.415370941
145 1.412979126
146 1.410587311
147 1.40819931
148 1.40581131
149 1.403423309
150 1.401039124
151 1.398658752
152 1.396278381
153 1.393901825
154 1.391529083
155 1.389160156
156 1.386791229
157 1.384426117
158 1.382064819
159 1.379703522
160 1.377346039
161 1.374992371
162 1.372642517
163 1.370296478
164 1.367950439
165 1.36561203
166 1.363277435
167 1.360946655
168 1.358615875
169 1.356285095
170 1.35395813
171 1.351638794
172 1.349323273
173 1.347007751
174 1.344696045
175 1.342391968
176 1.340087891
177 1.337787628
178 1.33549118
179 1.333198547
180 1.330909729
181 1.328624725
182 1.326343536
183 1.324066162
184 1.321788788
185 1.319515228
186 1.317249298
187 1.314983368
188 1.312721252
189 1.310462952
190 1.308208466
191 1.305957794
192 1.303710938
193 1.301464081
194 1.299224854
195 1.296989441
196 1.294757843
197 1.292526245
198 1.290298462
199 1.288078308
200 1.285858154
201 1.283641815
202 1.281433105
203 1.279224396
204 1.277019501
205 1.27481842
206 1.272621155
207 1.270427704
208 1.268238068
209 1.266052246
210 1.263870239
211 1.261688232
212 1.25951004
213 1.257335663
214 1.255168915
215 1.253002167
216 1.250839233
217 1.248680115
218 1.246524811
219 1.244369507
220 1.242221832
221 1.240077972
222 1.237937927
223 1.235801697
224 1.233665466
225 1.231533051
226 1.229404449
227 1.227279663
228 1.225158691
229 1.223041534
230 1.220924377
231 1.218811035
232 1.216705322
233 1.214599609
234 1.212497711
235 1.210399628
236 1.208305359
237 1.206214905
238 1.204128265
239 1.202045441
240 1.199966431
241 1.197887421
242 1.195812225
243 1.193740845
244 1.191673279
245 1.189609528
246 1.187545776
247 1.185489655
248 1.183437347
249 1.18138504
250 1.179336548
251 1.17729187
252 1.175251007
253 1.173213959
254 1.17117691
255 1.169147491
256 1.167121887
257 1.165096283
258 1.163078308
259 1.161060333
260 1.159046173
261 1.157035828
262 1.155029297
263 1.153026581
264 1.151023865
265 1.149024963
266 1.147029877
267 1.145038605
268 1.143051147
269 1.14106369
270 1.139083862
271 1.137107849
272 1.135131836
273 1.133159637
274 1.131191254
275 1.129226685
276 1.127262115
277 1.125305176
278 1.123352051
279 1.12140274
280 1.11945343
281 1.11750412
282 1.115558624
283 1.113620758
284 1.111686707
285 1.109752655
286 1.107822418
287 1.105895996
288 1.103973389
289 1.102050781
290 1.100131989
291 1.098220825
292 1.096309662
293 1.094402313
294 1.092498779
295 1.09059906
296 1.088703156
297 1.086807251
298 1.084915161
299 1.083026886
300 1.081142426
301 1.079257965
302 1.077381134
303 1.075504303
304 1.073627472
305 1.07175827
306 1.069889069
307 1.068023682
308 1.066162109
309 1.064304352
310 1.062446594
311 1.060592651
312 1.058742523
313 1.05689621
314 1.055053711
315 1.053211212
316 1.051376343
317 1.049545288
318 1.047714233
319 1.045886993
320 1.044063568
321 1.042243958
322 1.040424347
323 1.038608551
324 1.03679657
325 1.034984589
326 1.033176422
327 1.03137207
328 1.029571533
329 1.027774811
330 1.025981903
331 1.024188995
332 1.022403717
333 1.020618439
334 1.018836975
335 1.017055511
336 1.015281677
337 1.013507843
338 1.011737823
339 1.009971619
340 1.008205414
341 1.006443024
342 1.004684448
343 1.002929688
344 1.001178741
345 0.9994316101
346 0.9976844788
347 0.9959411621
348 0.9941978455
349 0.9924583435
350 0.9907264709
351 0.9889945984
352 0.9872627258
353 0.9855384827
354 0.9838142395
355 0.982093811
356 0.9803771973
357 0.9786605835
358 0.9769477844
359 0.9752388
360 0.9735336304
361 0.9718322754
362 0.9701309204
363 0.9684333801
364 0.9667396545
365 0.965045929
366 0.9633598328
367 0.9616737366
368 0.9599876404
369 0.9583091736
370 0.9566307068
371 0.9549560547
372 0.9532814026
373 0.9516105652
374 0.9499435425
375 0.9482765198
376 0.9466133118
377 0.9449539185
378 0.9432983398
379 0.9416465759
380 0.939994812
381 0.9383468628
382 0.9367027283
383 0.9350624084
384 0.9334259033
385 0.9317893982
386 0.9301567078
387 0.9285240173
388 0.9268989563
389 0.9252738953
390 0.9236526489
391 0.9220352173
392 0.9204177856
393 0.9188041687
394 0.9171943665
395 0.9155845642
396 0.9139785767
397 0.9123764038
398 0.910774231
399 0.9091758728
400 0.9075813293
401 0.9059906006
402 0.9043998718
403 0.9028129578
404 0.9012298584
405 0.899646759
406 0.8980674744
407 0.8964920044
408 0.8949203491
409 0.8933525085
410 0.891784668
411 0.8902168274
412 0.8886528015
413 0.8870925903
414 0.8855361938
415 0.8839797974
416 0.8824272156
417 0.8808784485
418 0.8793296814
419 0.877784729
420 0.8762435913
421 0.8747024536
422 0.8731689453
423 0.871635437
424 0.8701019287
425 0.8685722351
426 0.8670463562
427 0.8655204773
428 0.8639984131
429 0.8624801636
430 0.8609657288
431 0.8594551086
432 0.8579444885
433 0.8564338684
434 0.854927063
435 0.853427887
436 0.8519287109
437 0.8504295349
438 0.8489341736
439 0.8474388123
440 0.8459510803
441 0.8444633484
442 0.8429794312
443 0.8414955139
444 0.8400154114
445 0.8385353088
446 0.837059021
447 0.8355865479
448 0.8341178894
449 0.832649231
450 0.8311843872
451 0.8297233582
452 0.8282623291
453 0.8268051147
454 0.8253479004
455 0.8238945007
456 0.8224449158
457 0.8209991455
458 0.8195533752
459 0.8181114197
460 0.8166732788
461 0.8152351379
462 0.8138008118
463 0.8123664856
464 0.8109359741
465 0.8095092773
466 0.8080825806
467 0.8066596985
468 0.8052406311
469 0.8038253784
470 0.802406311
471 0.8009910583
472 0.7995796204
473 0.7981719971
474 0.7967681885
475 0.7953643799
476 0.793964386
477 0.7925643921
478 0.7911682129
479 0.7897758484
480 0.7883834839
481 0.7869949341
482 0.7856063843
483 0.7842254639
484 0.7828445435
485 0.7814674377
486 0.780090332
487 0.7787132263
488 0.7773399353
489 0.775970459
490 0.7746047974
491 0.7732391357
492 0.7718772888
493 0.7705192566
494 0.7691612244
495 0.7678070068
496 0.7664527893
497 0.7650985718
498 0.7637481689
499 0.7624015808
500 0.7610549927
501 0.7597160339
502 0.7583770752
503 0.7570381165
504 0.7557029724
505 0.7543716431
506 0.7530403137
507 0.7517127991
508 0.7503890991
509 0.7490615845
510 0.7477378845
511 0.7464179993
512 0.7451019287
513 0.7437858582
514 0.7424736023
515 0.7411613464
516 0.7398529053
517 0.7385444641
518 0.7372436523
519 0.7359428406
520 0.7346420288
521 0.7333488464
522 0.7320556641
523 0.7307624817
524 0.729473114
525 0.7281837463
526 0.7268981934
527 0.7256145477
528 0.7243328094
529 0.7230548859
530 0.7217788696
531 0.7205028534
532 0.7192306519
533 0.7179603577
534 0.7166900635
535 0.715423584
536 0.7141609192
537 0.7128982544
538 0.7116413116
539 0.7103843689
540 0.7091293335
541 0.7078762054
542 0.7066249847
543 0.7053756714
544 0.7041301727
545 0.7028865814
546 0.7016448975
547 0.7004051208
548 0.6991672516
549 0.6979312897
550 0.6966972351
551 0.6954669952
552 0.6942386627
553 0.6930122375
554 0.6917877197
555 0.6905651093
556 0.6893444061
557 0.6881256104
558 0.6869106293
559 0.6856956482
560 0.6844825745
561 0.6832714081
562 0.6820640564
563 0.6808586121
564 0.6796550751
565 0.6784534454
566 0.6772537231
567 0.6760578156
568 0.6748638153
569 0.6736698151
570 0.6724777222
571 0.671289444
572 0.6701030731
573 0.6689186096
574 0.6677341461
575 0.6665534973
576 0.6653728485
577 0.6641960144
578 0.6630210876
579 0.6618499756
580 0.6606788635
581 0.6595096588
582 0.6583423615
583 0.6571788788
584 0.6560173035
585 0.6548557281
586 0.6536960602
587 0.6525402069
588 0.6513843536
589 0.6502323151
590 0.6490821838
591 0.6479320526
592 0.6467857361
593 0.6456413269
594 0.6444988251
595 0.6433582306
596 0.6422195435
597 0.6410827637
598 0.6399478912
599 0.6388168335
600 0.6376857758
601 0.6365566254
602 0.6354293823
603 0.6343040466
604 0.6331806183
605 0.6320590973
606 0.6309394836
607 0.6298217773
608 0.6287059784
609 0.6275920868
610 0.6264820099
611 0.625371933
612 0.6242656708
613 0.6231594086
614 0.6220569611
615 0.6209564209
616 0.6198558807
617 0.6187572479
618 0.6176605225
619 0.6165657043
620 0.6154727936
621 0.6143836975
622 0.6132965088
623 0.6122093201
624 0.611125946
625 0.6100444794
626 0.60896492
627 0.6078853607
628 0.6068077087
629 0.6057338715
630 0.6046619415
631 0.6035919189
632 0.6025238037
633 0.6014556885
634 0.6003894806
635 0.5993251801
636 0.5982646942
637 0.5972042084
638 0.5961475372
639 0.5950908661
640 0.5940361023
641 0.5929832458
642 0.5919322968
643 0.590883255
644 0.5898361206
645 0.5887908936
646 0.5877456665
647 0.5867042542
648 0.5856647491
649 0.5846271515
650 0.5835914612
651 0.5825576782
652 0.5815258026
653 0.580493927
654 0.5794639587
655 0.5784378052
656 0.577413559
657 0.5763912201
658 0.5753707886
659 0.5743503571
660 0.5733318329
661 0.5723152161
662 0.5713005066
663 0.5702877045
664 0.5692768097
665 0.5682678223
666 0.5672588348
667 0.5662536621
668 0.5652503967
669 0.5642471313
670 0.5632457733
671 0.5622463226
672 0.5612487793
673 0.5602531433
674 0.5592594147
675 0.5582675934
676 0.5572776794
677 0.5562877655
678 0.5553016663
679 0.554315567
680 0.5533332825
681 0.5523529053
682 0.5513725281
683 0.5503940582
684 0.5494174957
685 0.5484428406
686 0.5474700928
687 0.5464992523
688 0.5455284119
689 0.5445594788
690 0.5435943604
691 0.5426292419
692 0.5416660309
693 0.5407047272
694 0.5397472382
695 0.5387897491
696 0.5378341675
697 0.5368804932
698 0.5359287262
699 0.5349769592
700 0.5340270996
701 0.5330791473
702 0.5321331024
703 0.5311889648
704 0.5302467346
705 0.5293045044
706 0.5283660889
707 0.5274276733
708 0.5264911652
709 0.5255565643
710 0.5246238708
711 0.5236930847
712 0.5227642059
713 0.5218353271
714 0.5209083557
715 0.5199832916
716 0.5190601349
717 0.5181369781
718 0.5172176361
719 0.5163002014
720 0.5153827667
721 0.5144691467
722 0.5135555267
723 0.5126438141
724 0.5117340088
725 0.5108261108
726 0.5099201202
727 0.5090141296
728 0.5081100464
729 0.5072078705
730 0.5063076019
731 0.5054073334
732 0.5045089722
733 0.5036144257
734 0.5027198792
735 0.50182724
736 0.5009346008
737 0.5000457764
738 0.4991569519
739 0.4982700348
740 0.4973869324
741 0.49650383
742 0.4956226349
743 0.4947433472
744 0.4938640594
745 0.4929866791
746 0.4921112061
747 0.4912376404
748 0.4903640747
749 0.4894924164
750 0.4886226654
751 0.4877548218
752 0.4868888855
753 0.4860248566
754 0.4851608276
755 0.4842987061
756 0.4834384918
757 0.4825801849
758 0.4817237854
759 0.4808692932
760 0.480014801
761 0.4791622162
762 0.4783115387
763 0.4774627686
764 0.4766139984
765 0.4757671356
766 0.4749202728
767 0.4740772247
768 0.4732341766
769 0.4723930359
770 0.4715538025
771 0.4707145691
772 0.469877243
773 0.4690418243
774 0.4682102203
775 0.467376709
776 0.466545105
777 0.4657154083
778 0.464887619
779 0.4640617371
780 0.4632358551
781 0.4624118805
782 0.4615917206
783 0.4607715607
784 0.4599514008
785 0.4591350555
786 0.4583187103
787 0.4575042725
788 0.4566898346
789 0.4558792114
790 0.4550704956
791 0.4542617798
792 0.453453064
793 0.4526462555
794 0.4518413544
795 0.4510383606
796 0.4502372742
797 0.4494361877
798 0.4486370087
799 0.4478397369
800 0.4470443726
801 0.4462490082
802 0.4454574585
803 0.4446659088
804 0.4438762665
805 0.4430866241
806 0.4422988892
807 0.4415111542
808 0.4407253265
809 0.4399414062
810 0.4391593933
811 0.4383792877
812 0.4376010895
813 0.4368228912
814 0.4360466003
815 0.4352722168
816 0.4344978333
817 0.4337234497
818 0.4329528809
819 0.432182312
820 0.4314136505
821 0.4306468964
822 0.4298801422
823 0.4291152954
824 0.428352356
825 0.4275894165
826 0.4268283844
827 0.4260692596
828 0.4253120422
829 0.4245567322
830 0.4238014221
831 0.4230480194
832 0.422296524
833 0.4215450287
834 0.4207954407
835 0.4200458527
836 0.4193000793
837 0.418554306
838 0.4178085327
839 0.4170665741
840 0.4163246155
841 0.4155845642
842 0.4148464203
843 0.4141082764
844 0.4133720398
845 0.4126377106
846 0.4119033813
847 0.4111709595
848 0.4104385376
849 0.4097080231
850 0.4089794159
851 0.4082527161
852 0.4075260162
853 0.4068012238
854 0.4060764313
855 0.4053554535
856 0.4046344757
857 0.4039134979
858 0.4031944275
859 0.4024772644
860 0.4017620087
861 0.4010486603
862 0.4003353119
863 0.3996219635
864 0.3989105225
865 0.3982009888
866 0.3974914551
867 0.3967838287
868 0.3960762024
869 0.3953704834
870 0.3946685791
871 0.3939666748
872 0.3932666779
873 0.3925666809
874 0.391866684
875 0.3911705017
876 0.3904743195
877 0.3897800446
878 0.3890857697
879 0.3883934021
880 0.3877010345
881 0.3870105743
882 0.3863220215
883 0.3856334686
884 0.3849468231
885 0.384262085
886 0.3835792542
887 0.3828964233
888 0.3822154999
889 0.3815345764
890 0.3808555603
891 0.3801784515
892 0.3795013428
893 0.3788261414
894 0.3781528473
895 0.3774795532
896 0.3768081665
897 0.3761367798
898 0.3754673004
899 0.3747997284
900 0.3741340637
901 0.3734664917
902 0.372800827
903 0.3721370697
904 0.3714752197
905 0.3708133698
906 0.3701534271
907 0.3694934845
908 0.3688354492
909 0.3681793213
910 0.3675231934
911 0.3668689728
912 0.3662147522
913 0.3655643463
914 0.3649139404
915 0.3642644882
916 0.363615036
917 0.3629684448
918 0.3623228073
919 0.3616781235
920 0.3610343933
921 0.3603916168
922 0.359749794
923 0.3591098785
924 0.3584709167
925 0.357831955
926 0.3571949005
927 0.3565587997
928 0.3559236526
929 0.3552904129
930 0.3546581268
931 0.3540267944
932 0.3533964157
933 0.3527679443
934 0.352139473
935 0.3515119553
936 0.3508863449
937 0.3502616882
938 0.3496379852
939 0.3490152359
940 0.3483934402
941 0.3477725983
942 0.34715271
943 0.346534729
944 0.3459177017
945 0.3453016281
946 0.3446874619
947 0.3440732956
948 0.3434610367
949 0.3428497314
950 0.3422384262
951 0.3416290283
952 0.3410205841
953 0.3404130936
954 0.3398075104
955 0.3392028809
956 0.3385982513
957 0.3379955292
958 0.3373937607
959 0.3367929459
960 0.3361930847
961 0.3355941772
962 0.3349962234
963 0.3343992233
964 0.3338031769
965 0.3332080841
966 0.3326148987
967 0.3320226669
968 0.3314313889
969 0.3308410645
970 0.3302516937
971 0.3296632767
972 0.329076767
973 0.3284912109
974 0.3279066086
975 0.3273229599
976 0.3267402649
977 0.3261585236
978 0.3255777359
979 0.3249979019
980 0.3244190216
981 0.3238401413
982 0.3232631683
983 0.322687149
984 0.3221120834
985 0.3215379715
986 0.3209648132
987 0.3203926086
988 0.3198213577
989 0.3192520142
990 0.3186836243
991 0.318116188
992 0.3175497055
993 0.3169841766
994 0.3164196014
995 0.3158559799
996 0.3152933121
997 0.3147315979
998 0.3141708374
999 0.3136110306
1000 0.3130521774
1001 0.312494278
1002 0.3119373322
1003 0.3113822937
1004 0.3108272552
1005 0.3102741241
1006 0.309720993
1007 0.3091688156
1008 0.3086185455
1009 0.3080682755
1010 0.307518959
1011 0.3069705963
1012 0.3064231873
1013 0.3058776855
1014 0.3053331375
1015 0.3047895432
1016 0.3042459488
1017 0.3037042618
1018 0.3031625748
1019 0.3026227951
1020 0.3020839691
1021 0.3015460968
1022 0.3010082245
1023 0.3004713058
1024 0.2999353409
1025 0.2994003296
1026 0.2988672256
1027 0.2983350754
1028 0.2978038788
1029 0.2972726822
1030 0.2967433929
1031 0.2962150574
1032 0.2956867218
1033 0.2951602936
1034 0.294634819
1035 0.2941093445
1036 0.2935848236
1037 0.2930612564
1038 0.2925395966
1039 0.2920188904
1040 0.2914981842
1041 0.2909784317
1042 0.2904605865
1043 0.2899427414
1044 0.2894268036
1045 0.2889108658
1046 0.2883958817
1047 0.2878818512
1048 0.2873697281
1049 0.2868566513
1050 0.2863454819
1051 0.2858352661
1052 0.285326004
1053 0.2848176956
1054 0.2843103409
1055 0.2838039398
1056 0.2832984924
1057 0.282793045
1058 0.2822885513
1059 0.281785965
1060 0.2812833786
1061 0.2807817459
1062 0.2802810669
1063 0.2797813416
1064 0.2792825699
1065 0.2787847519
1066 0.2782878876
1067 0.2777919769
1068 0.27729702
1069 0.276802063
1070 0.2763090134
1071 0.2758159637
1072 0.2753248215
1073 0.2748346329
1074 0.2743444443
1075 0.2738552094
1076 0.2733669281
1077 0.2728796005
1078 0.2723932266
1079 0.2719078064
1080 0.2714233398
1081 0.270939827
1082 0.2704572678
1083 0.2699747086
1084 0.2694940567
1085 0.2690134048
1086 0.2685337067
1087 0.2680559158
1088 0.267578125
1089 0.2671012878
1090 0.2666254044
1091 0.2661504745
1092 0.2656764984
1093 0.2652025223
1094 0.2647294998
1095 0.264257431
1096 0.2637863159
1097 0.2633161545
1098 0.2628469467
1099 0.2623786926
1100 0.2619113922
1101 0.2614440918
1102 0.2609777451
1103 0.260512352
1104 0.2600479126
1105 0.2595834732
1106 0.2591199875
1107 0.2586574554
1108 0.2581968307
1109 0.2577371597
1110 0.2572774887
1111 0.2568187714
1112 0.2563610077
1113 0.2559041977
1114 0.2554483414
1115 0.254992485
1116 0.2545385361
1117 0.2540855408
1118 0.2536325455
1119 0.2531805038
1120 0.2527294159
1121 0.2522783279
1122 0.2518281937
1123 0.2513790131
1124 0.2509307861
1125 0.2504835129
1126 0.2500371933
1127 0.2495908737
1128 0.2491464615
1129 0.2487020493
1130 0.2482585907
1131 0.2478151321
1132 0.2473735809
1133 0.2469329834
1134 0.2464933395
1135 0.2460546494
1136 0.2456159592
1137 0.2451782227
1138 0.2447414398
1139 0.244304657
1140 0.2438688278
1141 0.2434339523
1142 0.2430000305
1143 0.2425670624
1144 0.2421350479
1145 0.2417030334
1146 0.2412719727
1147 0.2408418655
1148 0.2404127121
1149 0.2399845123
1150 0.2395572662
1151 0.2391300201
1152 0.238702774
1153 0.2382774353
1154 0.2378530502
1155 0.2374286652
1156 0.2370052338
1157 0.2365818024
1158 0.2361602783
1159 0.2357387543
1160 0.2353181839
1161 0.2348985672
1162 0.2344799042
1163 0.2340612411
1164 0.2336435318
1165 0.2332267761
1166 0.2328100204
1167 0.2323942184
1168 0.2319793701
1169 0.2315654755
1170 0.2311525345
1171 0.2307405472
1172 0.2303295135
1173 0.2299184799
1174 0.2295084
1175 0.2290992737
1176 0.2286911011
1177 0.2282838821
1178 0.2278766632
1179 0.2274703979
1180 0.2270641327
1181 0.2266588211
1182 0.2262544632
1183 0.225851059
1184 0.2254486084
1185 0.2250471115
1186 0.2246465683
1187 0.2242460251
1188 0.2238464355
1189 0.223446846
1190 0.2230482101
1191 0.222650528
1192 0.2222537994
1193 0.2218570709
1194 0.2214612961
1195 0.2210664749
1196 0.2206726074
1197 0.2202796936
1198 0.2198877335
1199 0.2194948196
1200 0.2191028595
1201 0.218711853
1202 0.2183218002
1203 0.2179327011
1204 0.217543602
1205 0.2171554565
1206 0.2167682648
1207 0.2163820267
1208 0.2159957886
1209 0.2156105042
1210 0.2152261734
1211 0.2148418427
1212 0.2144594193
1213 0.2140769958
1214 0.2136955261
1215 0.2133140564
1216 0.2129335403
1217 0.212553978
1218 0.2121753693
1219 0.2117967606
1220 0.2114191055
1221 0.2110424042
1222 0.2106657028
1223 0.2102899551
1224 0.2099151611
1225 0.2095403671
1226 0.2091665268
1227 0.2087936401
1228 0.2084207535
1229 0.2080488205
1230 0.2076778412
1231 0.2073078156
1232 0.2069387436
1233 0.2065696716
1234 0.2062015533
1235 0.2058334351
1236 0.2054662704
1237 0.2050991058
1238 0.2047328949
1239 0.2043676376
1240 0.2040023804
1241 0.2036390305
1242 0.2032756805
1243 0.2029132843
1244 0.2025508881
1245 0.2021894455
1246 0.2018289566
1247 0.2014684677
1248 0.2011098862
1249 0.2007513046
1250 0.2003936768
1251 0.2000360489
1252 0.1996793747
1253 0.1993236542
1254 0.1989679337
1255 0.1986131668
1256 0.1982584
1257 0.1979045868
1258 0.1975507736
1259 0.1971979141
1260 0.196846962
1261 0.1964960098
1262 0.1961460114
1263 0.1957960129
1264 0.1954460144
1265 0.1950979233
1266 0.1947498322
1267 0.1944026947
1268 0.1940555573
1269 0.1937093735
1270 0.1933631897
1271 0.1930179596
1272 0.1926736832
1273 0.1923294067
1274 0.191986084
1275 0.1916437149
1276 0.1913022995
1277 0.1909608841
1278 0.1906204224
1279 0.1902809143
1280 0.1899414062
1281 0.1896028519
1282 0.1892652512
1283 0.1889276505
1284 0.1885910034
1285 0.1882543564
1286 0.187918663
1287 0.1875829697
1288 0.18724823
1289 0.1869134903
1290 0.186580658
1291 0.1862478256
1292 0.1859149933
1293 0.1855831146
1294 0.1852521896
1295 0.1849222183
1296 0.1845932007
1297 0.184264183
1298 0.1839361191
1299 0.1836080551
1300 0.1832809448
1301 0.1829538345
1302 0.1826276779
1303 0.1823015213
1304 0.1819758415
1305 0.1816515923
1306 0.181327343
1307 0.1810035706
1308 0.180680275
1309 0.1803574562
1310 0.1800351143
1311 0.1797146797
1312 0.1793937683
1313 0.1790733337
1314 0.1787538528
1315 0.1784348488
1316 0.1781167984
1317 0.1777992249
1318 0.1774821281
1319 0.1771655083
1320 0.1768493652
1321 0.1765341759
1322 0.1762189865
1323 0.1759047508
1324 0.175590992
1325 0.17527771
1326 0.1749649048
1327 0.1746530533
1328 0.1743416786
1329 0.174030304
1330 0.1737194061
1331 0.1734099388
1332 0.1731009483
1333 0.1727919579
1334 0.1724834442
1335 0.1721758842
1336 0.1718688011
1337 0.1715621948
1338 0.1712565422
1339 0.1709508896
1340 0.1706457138
1341 0.1703410149
1342 0.1700367928
1343 0.1697330475
1344 0.1694302559
1345 0.1691279411
1346 0.1688261032
1347 0.168525219
1348 0.1682243347
1349 0.1679244041
1350 0.1676249504
1351 0.1673259735
1352 0.1670274734
1353 0.1667294502
1354 0.1664319038
1355 0.1661348343
1356 0.1658382416
1357 0.1655426025
1358 0.1652469635
1359 0.1649522781
1360 0.1646580696
1361 0.1643643379
1362 0.1640710831
1363 0.1637783051
1364 0.1634860039
1365 0.1631946564
1366 0.1629033089
1367 0.1626124382
1368 0.1623225212
1369 0.1620330811
1370 0.1617436409
1371 0.1614551544
1372 0.1611671448
1373 0.160879612
1374 0.160592556
1375 0.1603059769
1376 0.1600198746
1377 0.1597342491
1378 0.1594491005
1379 0.1591649055
1380 0.1588807106
1381 0.1585969925
1382 0.1583142281
1383 0.1580319405
1384 0.1577501297
1385 0.1574687958
1386 0.1571879387
1387 0.1569075584
1388 0.156627655
1389 0.1563482285
1390 0.1560692787
1391 0.1557908058
1392 0.1555132866
1393 0.1552357674
1394 0.154958725
1395 0.1546821594
1396 0.1544065475
1397 0.1541309357
1398 0.1538558006
1399 0.1535811424
1400 0.1533069611
1401 0.1530332565
1402 0.1527600288
1403 0.152487278
1404 0.1522154808
1405 0.1519436836
1406 0.1516723633
1407 0.1514019966
1408 0.1511321068
1409 0.1508622169
1410 0.150592804
1411 0.1503243446
1412 0.1500563622
1413 0.1497888565
1414 0.1495218277
1415 0.1492547989
1416 0.1489882469
1417 0.1487226486
1418 0.1484570503
1419 0.1481919289
1420 0.1479272842
1421 0.1476635933
1422 0.1473999023
1423 0.1471366882
1424 0.1468744278
1425 0.1466126442
1426 0.1463508606
1427 0.1460895538
1428 0.1458287239
1429 0.1455683708
1430 0.1453089714
1431 0.145049572
1432 0.1447911263
1433 0.1445326805
1434 0.1442747116
1435 0.1440172195
1436 0.1437602043
1437 0.1435036659
1438 0.1432476044
1439 0.1429920197
1440 0.1427369118
1441 0.1424822807
1442 0.1422276497
1443 0.1419739723
1444 0.1417207718
1445 0.1414680481
1446 0.1412158012
1447 0.1409640312
1448 0.1407122612
1449 0.140460968
1450 0.1402106285
1451 0.1399607658
1452 0.1397109032
1453 0.1394615173
1454 0.1392126083
1455 0.1389641762
1456 0.1387162209
1457 0.1384687424
1458 0.1382217407
1459 0.1379747391
1460 0.1377286911
1461 0.13748312
1462 0.1372375488
1463 0.1369924545
1464 0.1367478371
1465 0.1365036964
1466 0.1362600327
1467 0.1360168457
1468 0.1357741356
1469 0.1355319023
1470 0.135289669
1471 0.1350483894
1472 0.1348075867
1473 0.1345672607
1474 0.1343269348
1475 0.1340875626
1476 0.1338481903
1477 0.1336092949
1478 0.1333708763
1479 0.1331329346
1480 0.1328954697
1481 0.1326584816
1482 0.1324219704
1483 0.1321854591
1484 0.1319494247
1485 0.131714344
1486 0.1314792633
1487 0.1312441826
1488 0.1310100555
1489 0.1307764053
1490 0.1305427551
1491 0.1303100586
1492 0.1300778389
1493 0.129846096
1494 0.1296143532
1495 0.1293826103
1496 0.1291518211
1497 0.1289215088
1498 0.1286916733
1499 0.1284618378
1500 0.1282324791
1501 0.1280035973
1502 0.1277751923
1503 0.1275472641
1504 0.1273193359
1505 0.1270918846
1506 0.1268649101
1507 0.1266388893
1508 0.1264128685
1509 0.1261868477
1510 0.1259613037
1511 0.1257362366
1512 0.1255121231
1513 0.1252884865
1514 0.1250648499
1515 0.1248416901
1516 0.1246190071
1517 0.1243963242
1518 0.1241745949
1519 0.1239528656
1520 0.1237316132
1521 0.1235108376
1522 0.123290062
1523 0.1230697632
1524 0.1228499413
1525 0.1226305962
1526 0.1224117279
1527 0.1221933365
1528 0.1219754219
1529 0.1217579842
1530 0.1215405464
1531 0.1213235855
1532 0.1211071014
1533 0.1208910942
1534 0.1206755638
1535 0.1204600334
1536 0.1202449799
1537 0.1200304031
1538 0.1198163033
1539 0.1196026802
1540 0.1193890572
1541 0.1191759109
1542 0.1189632416
1543 0.118751049
1544 0.1185393333
1545 0.1183276176
1546 0.1181163788
1547 0.1179056168
1548 0.1176953316
1549 0.1174855232
1550 0.1172757149
1551 0.1170663834
1552 0.1168570518
1553 0.116648674
1554 0.116440773
1555 0.116232872
1556 0.1160254478
1557 0.1158185005
1558 0.11561203
1559 0.1154055595
1560 0.1151995659
1561 0.1149940491
1562 0.1147885323
1563 0.1145839691
1564 0.114379406
1565 0.1141753197
1566 0.1139717102
1567 0.1137685776
1568 0.1135654449
1569 0.1133627892
1570 0.1131606102
1571 0.1129589081
1572 0.112757206
1573 0.1125555038
1574 0.1123542786
1575 0.1121535301
1576 0.1119537354
1577 0.1117539406
1578 0.1115546227
1579 0.1113553047
1580 0.1111569405
1581 0.1109585762
1582 0.1107602119
1583 0.1105623245
1584 0.1103653908
1585 0.110168457
1586 0.1099720001
1587 0.1097760201
1588 0.10958004
1589 0.1093840599
1590 0.1091885567
1591 0.1089935303
1592 0.1087989807
1593 0.108604908
1594 0.1084108353
1595 0.1082177162
1596 0.1080245972
1597 0.1078314781
1598 0.1076393127
1599 0.1074471474
1600 0.1072554588
1601 0.1070637703
1602 0.1068730354
1603 0.1066823006
1604 0.1064920425
1605 0.1063022614
1606 0.1061124802
1607 0.1059231758
1608 0.1057338715
1609 0.1055450439
1610 0.1053566933
1611 0.1051688194
1612 0.1049814224
1613 0.1047940254
1614 0.1046066284
1615 0.1044201851
1616 0.1042337418
1617 0.1040472984
1618 0.1038618088
1619 0.1036763191
1620 0.1034913063
1621 0.1033067703
1622 0.1031222343
1623 0.1029381752
1624 0.1027545929
1625 0.1025714874
1626 0.102388382
1627 0.1022057533
1628 0.1020236015
1629 0.1018414497
1630 0.1016597748
1631 0.1014780998
1632 0.1012969017
1633 0.1011161804
1634 0.100935936
1635 0.1007556915
1636 0.1005759239
1637 0.1003961563
1638 0.1002168655
1639 0.1000375748
1640 0.09985876083
1641 0.09968042374
1642 0.09950256348
1643 0.09932470322
1644 0.09914731979
1645 0.09897041321
1646 0.09879398346
1647 0.09861755371
1648 0.0984416008
1649 0.09826564789
1650 0.09809064865
1651 0.09791564941
1652 0.09774065018
1653 0.09756612778
1654 0.09739208221
1655 0.09721803665
1656 0.09704494476
1657 0.09687185287
1658 0.09669923782
1659 0.09652709961
1660 0.09635448456
1661 0.09618234634
1662 0.09601068497
1663 0.09583950043
1664 0.09566831589
1665 0.09549760818
1666 0.09532690048
1667 0.09515666962
1668 0.09498691559
1669 0.0948176384
1670 0.09464836121
1671 0.09447956085
1672 0.0943107605
1673 0.09414243698
1674 0.0939745903
1675 0.09380722046
1676 0.09363985062
1677 0.09347295761
1678 0.09330606461
1679 0.09313964844
1680 0.09297323227
1681 0.09280729294
1682 0.09264183044
1683 0.09247636795
1684 0.09231138229
1685 0.09214687347
1686 0.09198236465
1687 0.09181833267
1688 0.09165430069
1689 0.09149074554
1690 0.0913271904
1691 0.09116411209
1692 0.0910012722
1693 0.09083914757
1694 0.09067702293
1695 0.09051513672
1696 0.09035348892
1697 0.09019207954
1698 0.09003090858
1699 0.08986997604
1700 0.08970952034
1701 0.08954930305
1702 0.08938932419
1703 0.08922982216
1704 0.08907055855
1705 0.08891153336
1706 0.08875274658
1707 0.08859419823
1708 0.08843612671
1709 0.08827829361
1710 0.08812069893
1711 0.08796358109
1712 0.08780646324
1713 0.08764982224
1714 0.08749341965
1715 0.08733725548
1716 0.08718132973
1717 0.08702588081
1718 0.08687067032
1719 0.08671569824
1720 0.08656096458
1721 0.08640646935
1722 0.08625221252
1723 0.08609843254
1724 0.08594465256
1725 0.08579134941
1726 0.08563804626
1727 0.08548521996
1728 0.08533263206
1729 0.08518028259
1730 0.08502817154
1731 0.0848762989
1732 0.08472466469
1733 0.08457350731
1734 0.08442258835
1735 0.08427190781
1736 0.08412146568
1737 0.08397126198
1738 0.08382129669
1739 0.08367156982
1740 0.08352208138
1741 0.08337306976
1742 0.08322429657
1743 0.0830757618
1744 0.08292746544
1745 0.0827794075
1746 0.0826318264
1747 0.0824842453
1748 0.08233714104
1749 0.08219003677
1750 0.08204340935
1751 0.08189702034
1752 0.08175086975
1753 0.08160495758
1754 0.08145928383
1755 0.0813138485
1756 0.08116889
1757 0.0810239315
1758 0.08087944984
1759 0.08073496819
1760 0.08059096336
1761 0.08044695854
1762 0.08030319214
1763 0.08015990257
1764 0.08001685143
1765 0.0798740387
1766 0.07973146439
1767 0.07958936691
1768 0.07944726944
1769 0.07930541039
1770 0.07916402817
1771 0.07902264595
1772 0.07888150215
1773 0.07874083519
1774 0.07860040665
1775 0.0784599781
1776 0.07831978798
1777 0.07817983627
1778 0.0780403614
1779 0.07790112495
1780 0.07776212692
1781 0.07762312889
1782 0.0774846077
1783 0.07734632492
1784 0.07720828056
1785 0.07707047462
1786 0.0769329071
1787 0.07679581642
1788 0.07665872574
1789 0.07652187347
1790 0.07638549805
1791 0.07624912262
1792 0.07611298561
1793 0.07597708702
1794 0.07584142685
1795 0.0757060051
1796 0.07557082176
1797 0.07543611526
1798 0.07530140877
1799 0.07516694069
1800 0.07503271103
1801 0.07489871979
1802 0.07476496696
1803 0.07463145256
1804 0.07449817657
1805 0.07436537743
1806 0.07423257828
1807 0.07410025597
1808 0.07396793365
1809 0.07383584976
1810 0.07370400429
1811 0.07357239723
1812 0.07344102859
1813 0.07330989838
1814 0.07317900658
1815 0.0730483532
1816 0.07291793823
1817 0.07278776169
1818 0.07265782356
1819 0.07252812386
1820 0.07239890099
1821 0.07226967812
1822 0.07214069366
1823 0.07201194763
1824 0.07188344002
1825 0.07175517082
1826 0.07162714005
1827 0.07149934769
1828 0.07137179375
1829 0.07124447823
1830 0.0711171627
1831 0.07099032402
1832 0.07086372375
1833 0.07073712349
1834 0.07061100006
1835 0.07048487663
1836 0.07035899162
1837 0.07023334503
1838 0.07010817528
1839 0.06998300552
1840 0.06985807419
1841 0.06973338127
1842 0.06960868835
1843 0.06948447227
1844 0.06936049461
1845 0.06923651695
1846 0.06911301613
1847 0.06898975372
1848 0.06886672974
1849 0.06874370575
1850 0.06862092018
1851 0.06849861145
1852 0.06837630272
1853 0.06825423241
1854 0.06813240051
1855 0.06801080704
1856 0.06788921356
1857 0.06776809692
1858 0.0676472187
1859 0.06752634048
1860 0.0674059391
1861 0.06728553772
1862 0.06716537476
1863 0.06704545021
1864 0.06692576408
1865 0.06680631638
1866 0.06668710709
1867 0.06656813622
1868 0.06644916534
1869 0.06633043289
1870 0.06621193886
1871 0.06609368324
1872 0.06597590446
1873 0.06585812569
1874 0.06574058533
1875 0.06562328339
1876 0.06550598145
1877 0.06538915634
1878 0.06527233124
1879 0.06515574455
1880 0.06503939629
1881 0.06492328644
1882 0.06480741501
1883 0.064691782
1884 0.06457638741
1885 0.06446123123
1886 0.06434607506
1887 0.0642311573
1888 0.06411671638
1889 0.06400227547
1890 0.06388783455
1891 0.06377387047
1892 0.06366014481
1893 0.06354641914
1894 0.0634329319
1895 0.06331968307
1896 0.06320667267
1897 0.06309366226
1898 0.06298089027
1899 0.06286859512
1900 0.06275653839
1901 0.06264448166
1902 0.06253266335
1903 0.06242108345
1904 0.06230974197
1905 0.0621984005
1906 0.06208753586
1907 0.06197667122
1908 0.061866045
1909 0.0617556572
1910 0.06164526939
1911 0.06153512001
1912 0.06142520905
1913 0.0613155365
1914 0.06120610237
1915 0.06109690666
1916 0.06098771095
1917 0.06087899208
1918 0.06077027321
1919 0.06066179276
1920 0.06055355072
1921 0.0604455471
1922 0.06033778191
1923 0.06023001671
1924 0.06012248993
1925 0.06001520157
1926 0.05990791321
1927 0.05980086327
1928 0.05969405174
1929 0.05958747864
1930 0.05948114395
1931 0.05937480927
1932 0.05926895142
1933 0.05916333199
1934 0.05905771255
1935 0.05895233154
1936 0.05884718895
1937 0.05874204636
1938 0.05863714218
1939 0.05853247643
1940 0.05842804909
1941 0.05832386017
1942 0.05821990967
1943 0.05811595917
1944 0.05801224709
1945 0.057908535
1946 0.05780506134
1947 0.0577018261
1948 0.05759882927
1949 0.05749607086
1950 0.05739355087
1951 0.05729103088
1952 0.05718874931
1953 0.05708670616
1954 0.05698490143
1955 0.05688309669
1956 0.05678153038
1957 0.05668020248
1958 0.05657887459
1959 0.05647778511
1960 0.05637693405
1961 0.05627632141
1962 0.05617594719
1963 0.05607557297
1964 0.05597543716
1965 0.05587553978
1966 0.05577588081
1967 0.05567646027
1968 0.05557703972
1969 0.05547785759
1970 0.05537891388
1971 0.05528020859
1972 0.0551815033
1973 0.05508303642
1974 0.05498456955
1975 0.05488634109
1976 0.05478835106
1977 0.05469059944
1978 0.05459308624
1979 0.05449581146
1980 0.05439853668
1981 0.05430150032
1982 0.05420446396
1983 0.05410766602
1984 0.05401086807
1985 0.05391454697
1986 0.05381822586
1987 0.05372238159
1988 0.05362653732
1989 0.05353093147
1990 0.05343532562
1991 0.05333995819
1992 0.05324482918
1993 0.05314970016
1994 0.05305480957
1995 0.05296015739
1996 0.05286574364
1997 0.05277132988
1998 0.05267715454
1999 0.0525829792
2000 0.05248904228
2001 0.05239534378
2002 0.0523018837
2003 0.05220842361
2004 0.05211520195
2005 0.0520222187
2006 0.05192923546
2007 0.05183649063
2008 0.05174398422
2009 0.05165171623
2010 0.05155968666
2011 0.05146741867
2012 0.0513753891
2013 0.05128359795
2014 0.05119204521
2015 0.0511007309
2016 0.05100941658
2017 0.05091834068
2018 0.0508275032
2019 0.05073666573
2020 0.05064630508
2021 0.05055594444
2022 0.0504655838
2023 0.0503757
2024 0.05028581619
2025 0.05019617081
2026 0.05010652542
2027 0.05001711845
2028 0.04992771149
2029 0.04983854294
2030 0.04974961281
2031 0.0496609211
2032 0.0495724678
2033 0.04948401451
2034 0.04939556122
2035 0.04930734634
2036 0.04921936989
2037 0.04913163185
2038 0.04904389381
2039 0.0489563942
2040 0.04886889458
2041 0.04878163338
2042 0.0486946106
2043 0.04860782623
2044 0.04852104187
2045 0.04843449593
2046 0.04834794998
2047 0.04826164246
2048 0.04817533493
2049 0.04808926582
2050 0.04800343513
2051 0.04791784286
2052 0.0478322506
2053 0.04774689674
2054 0.04766178131
2055 0.04757666588
2056 0.04749178886
2057 0.04740691185
2058 0.04732227325
2059 0.04723763466
2060 0.0471534729
2061 0.04706931114
2062 0.04698514938
2063 0.04690122604
2064 0.04681754112
2065 0.04673409462
2066 0.04665064812
2067 0.04656744003
2068 0.04648447037
2069 0.04640126228
2070 0.04631829262
2071 0.04623556137
2072 0.04615306854
2073 0.04607081413
2074 0.04598855972
2075 0.04590654373
2076 0.04582452774
2077 0.04574275017
2078 0.0456609726
2079 0.04557955265
2080 0.04549813271
2081 0.04541683197
2082 0.04533588886
2083 0.04525494576
2084 0.04517412186
2085 0.04509341717
2086 0.04501283169
2087 0.04493248463
2088 0.04485225677
2089 0.04477214813
2090 0.04469227791
2091 0.04461252689
2092 0.04453289509
2093 0.04445338249
2094 0.04437410831
2095 0.04429483414
2096 0.04421567917
2097 0.04413676262
2098 0.04405796528
2099 0.04397928715
2100 0.04390084743
2101 0.04382252693
2102 0.04374432564
2103 0.04366624355
2104 0.04358828068
2105 0.04351043701
2106 0.04343283176
2107 0.04335534573
2108 0.0432779789
2109 0.04320073128
2110 0.04312360287
2111 0.04304659367
2112 0.04296970367
2113 0.0428930521
2114 0.04281651974
2115 0.04273998737
2116 0.04266369343
2117 0.04258751869
2118 0.04251146317
2119 0.04243552685
2120 0.04235982895
2121 0.04228425026
2122 0.04220879078
2123 0.04213345051
2124 0.04205822945
2125 0.04198312759
2126 0.04190826416
2127 0.04183351994
2128 0.04175877571
2129 0.0416841507
2130 0.0416097641
2131 0.04153549671
2132 0.04146134853
2133 0.04138731956
2134 0.04131340981
2135 0.04123961926
2136 0.04116606712
2137 0.0410926342
2138 0.04101920128
2139 0.04094588757
2140 0.04087281227
2141 0.04079985619
2142 0.04072701931
2143 0.04065442085
2144 0.0405818224
2145 0.04050934315
2146 0.04043710232
2147 0.04036486149
2148 0.04029285908
2149 0.04022097588
2150 0.04014921188
2151 0.04007744789
2152 0.04000580311
2153 0.03993439674
2154 0.03986310959
2155 0.03979194164
2156 0.03972089291
2157 0.03965008259
2158 0.03957927227
2159 0.03950870037
2160 0.03943812847
2161 0.03936779499
2162 0.03929758072
2163 0.03922748566
2164 0.0391575098
2165 0.03908765316
2166 0.03901791573
2167 0.0389482975
2168 0.03887867928
2169 0.03880929947
2170 0.03874003887
2171 0.03867089748
2172 0.0386017561
2173 0.03853285313
2174 0.03846406937
2175 0.03839540482
2176 0.03832685947
2177 0.03825843334
2178 0.03819012642
2179 0.03812193871
2180 0.0380538702
2181 0.03798592091
2182 0.03791809082
2183 0.03785049915
2184 0.03778290749
2185 0.03771543503
2186 0.03764820099
2187 0.03758096695
2188 0.03751385212
2189 0.0374468565
2190 0.03737998009
2191 0.03731322289
2192 0.0372467041
2193 0.03718018532
2194 0.03711378574
2195 0.03704750538
2196 0.03698134422
2197 0.03691530228
2198 0.03684949875
2199 0.03678369522
2200 0.0367180109
2201 0.03665244579
2202 0.03658699989
2203 0.0365216732
2204 0.03645646572
2205 0.03639137745
2206 0.03632640839
2207 0.03626155853
2208 0.03619682789
2209 0.03613221645
2210 0.03606772423
2211 0.03600335121
2212 0.0359390974
2213 0.03587496281
2214 0.03581094742
2215 0.03574705124
2216 0.03568327427
2217 0.0356194973
2218 0.03555583954
2219 0.0354924202
2220 0.03542900085
2221 0.03536570072
2222 0.0353025198
2223 0.03523957729
2224 0.03517663479
2225 0.03511381149
2226 0.03505122662
2227 0.03498876095
2228 0.03492629528
2229 0.03486394882
2230 0.03480172157
2231 0.03473961353
2232 0.0346776247
2233 0.03461563587
2234 0.03455388546
2235 0.03449213505
2236 0.03443062305
2237 0.03436911106
2238 0.03430771828
2239 0.0342464447
2240 0.03418540955
2241 0.03412437439
2242 0.03406345844
2243 0.0340025425
2244 0.03394186497
2245 0.03388130665
2246 0.03382086754
2247 0.03376042843
2248 0.03370022774
2249 0.03364002705
2250 0.03358006477
2251 0.0335201025
2252 0.03346025944
2253 0.03340053558
2254 0.03334081173
2255 0.03328120708
2256 0.03322172165
2257 0.03316235542
2258 0.03310310841
2259 0.03304409981
2260 0.03298509121
2261 0.03292620182
2262 0.03286743164
2263 0.03280878067
2264 0.0327501297
2265 0.03269171715
2266 0.03263342381
2267 0.03257513046
2268 0.03251695633
2269 0.03245890141
2270 0.03240096569
2271 0.03234314919
2272 0.03228545189
2273 0.0322278738
2274 0.03217029572
2275 0.03211283684
2276 0.03205549717
2277 0.03199827671
2278 0.03194117546
2279 0.03188419342
2280 0.03182733059
2281 0.03177046776
2282 0.03171372414
2283 0.03165709972
2284 0.03160059452
2285 0.03154420853
2286 0.03148794174
2287 0.03143179417
2288 0.03137564659
2289 0.03131961823
2290 0.03126370907
2291 0.03120791912
2292 0.03115224838
2293 0.03109657764
2294 0.03104102612
2295 0.03098571301
2296 0.03093039989
2297 0.03087520599
2298 0.0308201313
2299 0.03076505661
2300 0.03071010113
2301 0.03065526485
2302 0.03060054779
2303 0.03054583073
2304 0.03049135208
2305 0.03043699265
2306 0.03038263321
2307 0.03032851219
2308 0.03027439117
2309 0.03022027016
2310 0.03016638756
2311 0.03011262417
2312 0.03005886078
2313 0.0300052166
2314 0.02995169163
2315 0.02989828587
2316 0.02984499931
2317 0.02979159355
2318 0.02973842621
2319 0.02968537807
2320 0.02963232994
2321 0.02957940102
2322 0.0295265913
2323 0.02947390079
2324 0.02942121029
2325 0.0293687582
2326 0.02931630611
2327 0.02926397324
2328 0.02921164036
2329 0.02915942669
2330 0.02910733223
2331 0.02905535698
2332 0.02900350094
2333 0.02895176411
2334 0.02890014648
2335 0.02884852886
2336 0.02879703045
2337 0.02874565125
2338 0.02869427204
2339 0.02864313126
2340 0.02859199047
2341 0.02854096889
2342 0.02848994732
2343 0.02843916416
2344 0.028388381
2345 0.02833771706
2346 0.02828717232
2347 0.02823674679
2348 0.02818632126
2349 0.02813589573
2350 0.02808558941
2351 0.0280354023
2352 0.0279853344
2353 0.0279353857
2354 0.02788555622
2355 0.02783572674
2356 0.02778601646
2357 0.0277364254
2358 0.02768683434
2359 0.02763748169
2360 0.02758812904
2361 0.02753889561
2362 0.02748978138
2363 0.02744066715
2364 0.02739167213
2365 0.02734279633
2366 0.02729403973
2367 0.02724528313
2368 0.02719664574
2369 0.02714812756
2370 0.02709960938
2371 0.0270512104
2372 0.02700293064
2373 0.02695477009
2374 0.02690660954
2375 0.02685856819
2376 0.02681064606
2377 0.02676284313
2378 0.02671504021
2379 0.02666735649
2380 0.02661979198
2381 0.02657234669
2382 0.02652490139
2383 0.02647745609
2384 0.02643013
2385 0.02638292313
2386 0.02633583546
2387 0.02628874779
2388 0.02624189854
2389 0.02619504929
2390 0.02614831924
2391 0.0261015892
2392 0.02605509758
2393 0.02600860596
2394 0.02596223354
2395 0.02591586113
2396 0.02586960793
2397 0.02582335472
2398 0.02577722073
2399 0.02573120594
2400 0.02568531036
2401 0.025639534
2402 0.02559375763
2403 0.02554798126
2404 0.0255023241
2405 0.02545678616
2406 0.02541136742
2407 0.02536606789
2408 0
