1 50
2 50.04924011
3 50.09837723
4 50.14740372
5 50.19631195
6 50.24509811
7 50.29375839
8 50.34230423
9 50.39073944
10 50.43907547
11 50.48731613
12 50.53546906
13 50.58354187
14 50.63153839
15 50.67946625
16 50.72732925
17 50.77513504
18 50.82288361
19 50.87058258
20 50.91823959
21 50.96585464
22 51.01343155
23 51.06097412
24 51.10848618
25 51.15597153
26 51.20343018
27 51.25086594
28 51.29828262
29 51.34568024
30 51.39306259
31 51.44042969
32 51.48778534
33 51.53513336
34 51.58246994
35 51.62979889
36 51.67712402
37 51.72444153
38 51.77175903
39 51.81907272
40 51.8663826
41 51.91369247
42 51.96100235
43 52.00831223
44 52.05562592
45 52.10293961
46 52.15025711
47 52.19757843
48 52.24489975
49 52.2922287
50 52.33956146
51 52.38689804
52 52.43423843
53 52.48158646
54 52.52893829
55 52.57629776
56 52.62366104
57 52.67103195
58 52.71841049
59 52.76579285
60 52.81318283
61 52.86058044
62 52.90798569
63 52.95539856
64 53.00281906
65 53.05024719
66 53.09768295
67 53.14512634
68 53.19257736
69 53.24003601
70 53.28750229
71 53.3349762
72 53.38245773
73 53.4299469
74 53.4774437
75 53.52495193
76 53.5724678
77 53.6199913
78 53.66752243
79 53.71506119
80 53.76260757
81 53.81016159
82 53.85772705
83 53.90530014
84 53.95288086
85 54.00046921
86 54.04806519
87 54.09566879
88 54.14328003
89 54.1908989
90 54.23852921
91 54.28616714
92 54.33381271
93 54.38146591
94 54.42912674
95 54.4767952
96 54.52447128
97 54.572155
98 54.61984634
99 54.66754532
100 54.71525574
101 54.76297379
102 54.81069946
103 54.85843277
104 54.90617371
105 54.95392227
106 55.00167847
107 55.04944229
108 55.09721375
109 55.14499283
110 55.19277954
111 55.24057388
112 55.28837585
113 55.33618546
114 55.38400269
115 55.43182755
116 55.47966003
117 55.52750015
118 55.5753479
119 55.62320328
120 55.67106628
121 55.71893692
122 55.76681519
123 55.81470108
124 55.8625946
125 55.91049576
126 55.95840073
127 56.00631332
128 56.05423355
129 56.10216141
130 56.15009689
131 56.19804001
132 56.24599075
133 56.29394913
134 56.34191513
135 56.38988495
136 56.4378624
137 56.48584747
138 56.53384018
139 56.58184052
140 56.62984848
141 56.67786407
142 56.72588348
143 56.77391052
144 56.82194519
145 56.86998749
146 56.91803741
147 56.96609116
148 57.01415253
149 57.06222153
150 57.11029816
151 57.1583786
152 57.20646667
153 57.25456238
154 57.30266571
155 57.35077286
156 57.39888763
157 57.44701004
158 57.49514008
159 57.54327393
160 57.59141541
161 57.63956451
162 57.68771744
163 57.73587799
164 57.78404617
165 57.83221817
166 57.8803978
167 57.92858505
168 57.97677612
169 58.02497482
170 58.07318115
171 58.1213913
172 58.16960907
173 58.21783447
174 58.26606369
175 58.31430054
176 58.36254501
177 58.4107933
178 58.45904922
179 58.50730896
180 58.55557632
181 58.60385132
182 58.65213013
183 58.70041656
184 58.74870682
185 58.7970047
186 58.8453064
187 58.89361572
188 58.94193268
189 58.99025345
190 59.03858185
191 59.08691406
192 59.13525391
193 59.18359756
194 59.23194885
195 59.28030396
196 59.32866669
197 59.37703323
198 59.42540741
199 59.4737854
200 59.52217102
201 59.57056046
202 59.61895752
203 59.6673584
204 59.71576691
205 59.76417923
206 59.81259918
207 59.86102295
208 59.90945435
209 59.95788956
210 60.00632858
211 60.05477524
212 60.10322571
213 60.15168381
214 60.20014572
215 60.24861526
216 60.29708862
217 60.3455658
218 60.3940506
219 60.44253922
220 60.49103546
221 60.53953552
222 60.5880394
223 60.6365509
224 60.68506622
225 60.73358536
226 60.78211212
227 60.8306427
228 60.87918091
229 60.92772293
230 60.97626877
231 61.02482224
232 61.07337952
233 61.12194061
234 61.17050934
235 61.21908188
236 61.26765823
237 61.3162384
238 61.3648262
239 61.41341782
240 61.46201324
241 61.5106163
242 61.55922318
243 61.60783386
244 61.65645218
245 61.70507431
246 61.75370026
247 61.80233002
248 61.85096741
249 61.89960861
250 61.94825363
251 61.99690247
252 62.04555893
253 62.09421921
254 62.1428833
255 62.19155121
256 62.24022675
257 62.2889061
258 62.33758926
259 62.38627625
260 62.43496704
261 62.48366547
262 62.53236771
263 62.58107376
264 62.62978363
265 62.67849731
266 62.72721863
267 62.77594376
268 62.8246727
269 62.87340546
270 62.92214203
271 62.97088242
272 63.01963043
273 63.06838226
274 63.11713791
275 63.16589737
276 63.21466064
277 63.26342773
278 63.31219864
279 63.36097717
280 63.40975952
281 63.45854568
282 63.50733566
283 63.55612946
284 63.60492706
285 63.65372849
286 63.70253372
287 63.75134659
288 63.80016327
289 63.84898376
290 63.89780807
291 63.9466362
292 63.99546814
293 64.04430389
294 64.09314728
295 64.14199066
296 64.19084167
297 64.23969269
298 64.28855133
299 64.33740997
300 64.38627625
301 64.43514252
302 64.48401642
303 64.53289032
304 64.58177185
305 64.63065338
306 64.67954254
307 64.7284317
308 64.77732849
309 64.82622528
310 64.8751297
311 64.92403412
312 64.97294617
313 65.02185822
314 65.07077789
315 65.11969757
316 65.16862488
317 65.21755219
318 65.26648712
319 65.31542206
320 65.36436462
321 65.41330719
322 65.46225739
323 65.51120758
324 65.56016541
325 65.60912323
326 65.65808868
327 65.70705414
328 65.75602722
329 65.80500031
330 65.85398102
331 65.90296173
332 65.95195007
333 66.00093842
334 66.04993439
335 66.09893036
336 66.14793396
337 66.19693756
338 66.24594116
339 66.29495239
340 66.34396362
341 66.39298248
342 66.44200134
343 66.49102783
344 66.54005432
345 66.58908844
346 66.63812256
347 66.68716431
348 66.73620605
349 66.7852478
350 66.83429718
351 66.88334656
352 66.93240356
353 66.98146057
354 67.03052521
355 67.07958984
356 67.12865448
357 67.17772675
358 67.22679901
359 67.27587891
360 67.3249588
361 67.37404633
362 67.42313385
363 67.47222137
364 67.52131653
365 67.57041168
366 67.61951447
367 67.66861725
368 67.71772766
369 67.76683807
370 67.81594849
371 67.86506653
372 67.91418457
373 67.96331024
374 68.01243591
375 68.06156158
376 68.11069489
377 68.15982819
378 68.20896912
379 68.25811005
380 68.30725098
381 68.35639954
382 68.4055481
383 68.45470428
384 68.50386047
385 68.55301666
386 68.60218048
387 68.6513443
388 68.70051575
389 68.74968719
390 68.79885864
391 68.84803772
392 68.8972168
393 68.94639587
394 68.99558258
395 69.04476929
396 69.09396362
397 69.14315796
398 69.19235229
399 69.24155426
400 69.29075623
401 69.33995819
402 69.38916779
403 69.43837738
404 69.4875946
405 69.53681183
406 69.58602905
407 69.63525391
408 69.68447876
409 69.73370361
410 69.7829361
411 69.83216858
412 69.88140106
413 69.93064117
414 69.97988129
415 70.02912903
416 70.07837677
417 70.12762451
418 70.17687988
419 70.22613525
420 70.27539062
421 70.32465363
422 70.37391663
423 70.42317963
424 70.47245026
425 70.52172089
426 70.57099152
427 70.62026978
428 70.66954803
429 70.71882629
430 70.76811218
431 70.81739807
432 70.86668396
433 70.91597748
434 70.965271
435 71.01456451
436 71.06386566
437 71.11316681
438 71.16246796
439 71.21177673
440 71.26108551
441 71.31039429
442 71.35971069
443 71.4090271
444 71.45834351
445 71.50766754
446 71.55699158
447 71.60631561
448 71.65563965
449 71.70497131
450 71.75430298
451 71.80363464
452 71.85297394
453 71.90231323
454 71.95165253
455 72.00099945
456 72.05034637
457 72.0996933
458 72.14904785
459 72.1984024
460 72.24775696
461 72.29711151
462 72.34647369
463 72.39583588
464 72.44519806
465 72.49456787
466 72.54393768
467 72.5933075
468 72.64267731
469 72.69205475
470 72.74143219
471 72.79080963
472 72.8401947
473 72.88957977
474 72.93896484
475 72.98835754
476 73.03775024
477 73.08714294
478 73.13653564
479 73.18593597
480 73.2353363
481 73.28473663
482 73.33413696
483 73.38354492
484 73.43295288
485 73.48236084
486 73.53177643
487 73.58119202
488 73.6306076
489 73.68002319
490 73.72944641
491 73.77886963
492 73.82829285
493 73.87771606
494 73.92714691
495 73.97657776
496 74.02600861
497 74.07544708
498 74.12488556
499 74.17432404
500 74.22376251
501 74.27320862
502 74.32265472
503 74.37210083
504 74.42154694
505 74.47100067
506 74.52045441
507 74.56990814
508 74.61936188
509 74.66882324
510 74.71828461
511 74.76774597
512 74.81720734
513 74.86667633
514 74.91614532
515 74.96561432
516 75.01508331
517 75.06455994
518 75.11403656
519 75.16351318
520 75.21298981
521 75.26247406
522 75.31195831
523 75.36144257
524 75.41092682
525 75.4604187
526 75.50991058
527 75.55940247
528 75.60889435
529 75.65838623
530 75.70788574
531 75.75738525
532 75.80688477
533 75.85638428
534 75.90589142
535 75.95539856
536 76.0049057
537 76.05441284
538 76.10392761
539 76.15344238
540 76.20295715
541 76.25247192
542 76.30198669
543 76.35150909
544 76.40103149
545 76.45055389
546 76.50007629
547 76.54960632
548 76.59913635
549 76.64866638
550 76.69819641
551 76.74772644
552 76.7972641
553 76.84680176
554 76.89633942
555 76.94587708
556 76.99542236
557 77.04496765
558 77.09451294
559 77.14405823
560 77.19360352
561 77.24315643
562 77.29270935
563 77.34226227
564 77.39181519
565 77.4413681
566 77.49092865
567 77.5404892
568 77.59004974
569 77.63961029
570 77.68917084
571 77.73873901
572 77.78830719
573 77.83787537
574 77.88744354
575 77.93701172
576 77.98658752
577 78.03616333
578 78.08573914
579 78.13531494
580 78.18489075
581 78.23447418
582 78.28405762
583 78.33364105
584 78.38322449
585 78.43280792
586 78.48239899
587 78.53199005
588 78.58158112
589 78.63117218
590 78.68076324
591 78.73036194
592 78.77996063
593 78.82955933
594 78.87915802
595 78.92875671
596 78.97836304
597 79.02796936
598 79.07757568
599 79.12718201
600 79.17678833
601 79.22639465
602 79.27600861
603 79.32562256
604 79.37523651
605 79.42485046
606 79.47446442
607 79.524086
608 79.57370758
609 79.62332916
610 79.67295074
611 79.72257233
612 79.77219391
613 79.82182312
614 79.87145233
615 79.92108154
616 79.97071075
617 80.02033997
618 80.06996918
619 80.11960602
620 80.16924286
621 80.2188797
622 80.26851654
623 80.31815338
624 80.36779022
625 80.41743469
626 80.46707916
627 80.51672363
628 80.5663681
629 80.61601257
630 80.66565704
631 80.71530914
632 80.76496124
633 80.81461334
634 80.86426544
635 80.91391754
636 80.96356964
637 81.01322937
638 81.0628891
639 81.11254883
640 81.16220856
641 81.21186829
642 81.26152802
643 81.31119537
644 81.36086273
645 81.41053009
646 81.46019745
647 81.50986481
648 81.55953217
649 81.60919952
650 81.65887451
651 81.7085495
652 81.75822449
653 81.80789948
654 81.85757446
655 81.90724945
656 81.95693207
657 82.00661469
658 82.0562973
659 82.10597992
660 82.15566254
661 82.20534515
662 82.25502777
663 82.30471802
664 82.35440826
665 82.40409851
666 82.45378876
667 82.503479
668 82.55316925
669 82.6028595
670 82.65255737
671 82.70225525
672 82.75195312
673 82.801651
674 82.85134888
675 82.90104675
676 82.95074463
677 83.00045013
678 83.05015564
679 83.09986115
680 83.14956665
681 83.19927216
682 83.24897766
683 83.29868317
684 83.3483963
685 83.39810944
686 83.44782257
687 83.49753571
688 83.54724884
689 83.59696198
690 83.64667511
691 83.69638824
692 83.74610901
693 83.79582977
694 83.84555054
695 83.8952713
696 83.94499207
697 83.99471283
698 84.04443359
699 84.09416199
700 84.14389038
701 84.19361877
702 84.24334717
703 84.29307556
704 84.34280396
705 84.39253235
706 84.44226074
707 84.49199677
708 84.54173279
709 84.59146881
710 84.64120483
711 84.69094086
712 84.74067688
713 84.7904129
714 84.84014893
715 84.88989258
716 84.93963623
717 84.98937988
718 85.03912354
719 85.08886719
720 85.13861084
721 85.18835449
722 85.23809814
723 85.2878418
724 85.33759308
725 85.38734436
726 85.43709564
727 85.48684692
728 85.53659821
729 85.58634949
730 85.63610077
731 85.68585205
732 85.73561096
733 85.78536987
734 85.83512878
735 85.8848877
736 85.93464661
737 85.98440552
738 86.03416443
739 86.08392334
740 86.13368225
741 86.18344879
742 86.23321533
743 86.28298187
744 86.33274841
745 86.38251495
746 86.43228149
747 86.48204803
748 86.53181458
749 86.58158112
750 86.63135529
751 86.68112946
752 86.73090363
753 86.7806778
754 86.83045197
755 86.88022614
756 86.93000031
757 86.97977448
758 87.02954865
759 87.07932281
760 87.12910461
761 87.17888641
762 87.22866821
763 87.27845001
764 87.32823181
765 87.37801361
766 87.42779541
767 87.47757721
768 87.52735901
769 87.57714081
770 87.62693024
771 87.67671967
772 87.72650909
773 87.77629852
774 87.82608795
775 87.87587738
776 87.92566681
777 87.97545624
778 88.02524567
779 88.0750351
780 88.12483215
781 88.17462921
782 88.22442627
783 88.27422333
784 88.32402039
785 88.37381744
786 88.4236145
787 88.47341156
788 88.52320862
789 88.57300568
790 88.62281036
791 88.67261505
792 88.72241974
793 88.77222443
794 88.82202911
795 88.8718338
796 88.92163849
797 88.97144318
798 89.02124786
799 89.07105255
800 89.12085724
801 89.17066956
802 89.22048187
803 89.27029419
804 89.32010651
805 89.36991882
806 89.41973114
807 89.46954346
808 89.51935577
809 89.56916809
810 89.61898041
811 89.66879272
812 89.71860504
813 89.76842499
814 89.81824493
815 89.86806488
816 89.91788483
817 89.96770477
818 90.01752472
819 90.06734467
820 90.11716461
821 90.16698456
822 90.2168045
823 90.26662445
824 90.3164444
825 90.36627197
826 90.41609955
827 90.46592712
828 90.5157547
829 90.56558228
830 90.61540985
831 90.66523743
832 90.715065
833 90.76489258
834 90.81472015
835 90.86454773
836 90.91437531
837 90.96421051
838 91.01404572
839 91.06388092
840 91.11371613
841 91.16355133
842 91.21338654
843 91.26322174
844 91.31305695
845 91.36289215
846 91.41272736
847 91.46256256
848 91.51239777
849 91.56223297
850 91.61207581
851 91.66191864
852 91.71176147
853 91.76160431
854 91.81144714
855 91.86128998
856 91.91113281
857 91.96097565
858 92.01081848
859 92.06066132
860 92.11050415
861 92.16034698
862 92.21018982
863 92.26003265
864 92.30988312
865 92.35973358
866 92.40958405
867 92.45943451
868 92.50928497
869 92.55913544
870 92.6089859
871 92.65883636
872 92.70868683
873 92.75853729
874 92.80838776
875 92.85823822
876 92.90808868
877 92.95793915
878 93.00779724
879 93.05765533
880 93.10751343
881 93.15737152
882 93.20722961
883 93.25708771
884 93.3069458
885 93.35680389
886 93.40666199
887 93.45652008
888 93.50637817
889 93.55623627
890 93.60609436
891 93.65595245
892 93.70581055
893 93.75567627
894 93.80554199
895 93.85540771
896 93.90527344
897 93.95513916
898 94.00500488
899 94.05487061
900 94.10473633
901 94.15460205
902 94.20446777
903 94.2543335
904 94.30419922
905 94.35406494
906 94.40393066
907 94.45379639
908 94.50366211
909 94.55353546
910 94.60340881
911 94.65328217
912 94.70315552
913 94.75302887
914 94.80290222
915 94.85277557
916 94.90264893
917 94.95252228
918 95.00239563
919 95.05226898
920 95.10214233
921 95.15201569
922 95.20188904
923 95.25176239
924 95.30163574
925 95.35150909
926 95.40139008
927 95.45127106
928 95.50115204
929 95.55103302
930 95.600914
931 95.65079498
932 95.70067596
933 95.75055695
934 95.80043793
935 95.85031891
936 95.90019989
937 95.95008087
938 95.99996185
939 96.04984283
940 96.09972382
941 96.1496048
942 96.19948578
943 96.24936676
944 96.29925537
945 96.34914398
946 96.39903259
947 96.4489212
948 96.49880981
949 96.54869843
950 96.59858704
951 96.64847565
952 96.69836426
953 96.74825287
954 96.79814148
955 96.84803009
956 96.8979187
957 96.94780731
958 96.99769592
959 97.04758453
960 97.09747314
961 97.14736176
962 97.19725037
963 97.24714661
964 97.29704285
965 97.34693909
966 97.39683533
967 97.44673157
968 97.49662781
969 97.54652405
970 97.59642029
971 97.64631653
972 97.69621277
973 97.74610901
974 97.79600525
975 97.84590149
976 97.89579773
977 97.94569397
978 97.99559021
979 98.04548645
980 98.09538269
981 98.14527893
982 98.19517517
983 98.24507141
984 98.29497528
985 98.34487915
986 98.39478302
987 98.44468689
988 98.49459076
989 98.54449463
990 98.5943985
991 98.64430237
992 98.69420624
993 98.74411011
994 98.79401398
995 98.84391785
996 98.89382172
997 98.94372559
998 98.99362946
999 99.04353333
1000 99.09343719
1001 99.14334106
1002 99.19324493
1003 99.2431488
1004 99.29305267
1005 99.34295654
1006 99.39286804
1007 99.44277954
1008 99.49269104
1009 99.54260254
1010 99.59251404
1011 99.64242554
1012 99.69233704
1013 99.74224854
1014 99.79216003
1015 99.84207153
1016 99.89198303
1017 99.94189453
1018 99.99180603
1019 100.0417175
1020 100.091629
1021 100.1415405
1022 100.191452
1023 100.2413635
1024 100.291275
1025 100.3411865
1026 100.391098
1027 100.4410095
1028 100.490921
1029 100.5408325
1030 100.5907516
1031 100.6406708
1032 100.6905899
1033 100.740509
1034 100.7904282
1035 100.8403473
1036 100.8902664
1037 100.9401855
1038 100.9901047
1039 101.0400238
1040 101.0899429
1041 101.1398621
1042 101.1897812
1043 101.2397003
1044 101.2896194
1045 101.3395386
1046 101.3894577
1047 101.4393768
1048 101.489296
1049 101.5392151
1050 101.5891342
1051 101.6390533
1052 101.6889725
1053 101.7388916
1054 101.7888107
1055 101.8387299
1056 101.8886566
1057 101.9385834
1058 101.9885101
1059 102.0384369
1060 102.0883636
1061 102.1382904
1062 102.1882172
1063 102.2381439
1064 102.2880707
1065 102.3379974
1066 102.3879242
1067 102.437851
1068 102.4877777
1069 102.5377045
1070 102.5876312
1071 102.637558
1072 102.6874847
1073 102.7374115
1074 102.7873383
1075 102.837265
1076 102.8871918
1077 102.9371185
1078 102.9870453
1079 103.036972
1080 103.0868988
1081 103.1368256
1082 103.1867523
1083 103.2366791
1084 103.2866058
1085 103.3365326
1086 103.386467
1087 103.4364014
1088 103.4863358
1089 103.5362701
1090 103.5862045
1091 103.6361389
1092 103.6860733
1093 103.7360077
1094 103.7859421
1095 103.8358765
1096 103.8858109
1097 103.9357452
1098 103.9856796
1099 104.035614
1100 104.0855484
1101 104.1354828
1102 104.1854172
1103 104.2353516
1104 104.2852859
1105 104.3352203
1106 104.3851547
1107 104.4350891
1108 104.4850235
1109 104.5349579
1110 104.5848923
1111 104.6348267
1112 104.684761
1113 104.7346954
1114 104.7846298
1115 104.8345642
1116 104.8844986
1117 104.934433
1118 104.984375
1119 105.034317
1120 105.084259
1121 105.134201
1122 105.1841431
1123 105.2340851
1124 105.2840271
1125 105.3339691
1126 105.3839111
1127 105.4338531
1128 105.4837952
1129 105.5337372
1130 105.5836792
1131 105.6336212
1132 105.6835632
1133 105.7335052
1134 105.7834473
1135 105.8333893
1136 105.8833313
1137 105.9332733
1138 105.9832153
1139 106.0331573
1140 106.0830994
1141 106.1330414
1142 106.1829834
1143 106.2329254
1144 106.2828674
1145 106.3328094
1146 106.3827515
1147 106.4326935
1148 106.4826355
1149 106.5325775
1150 106.5825195
1151 106.6324615
1152 106.6824036
1153 106.7323456
1154 106.7822876
1155 106.8322372
1156 106.8821869
1157 106.9321365
1158 106.9820862
1159 107.0320358
1160 107.0819855
1161 107.1319351
1162 107.1818848
1163 107.2318344
1164 107.2817841
1165 107.3317337
1166 107.3816833
1167 107.431633
1168 107.4815826
1169 107.5315323
1170 107.5814819
1171 107.6314316
1172 107.6813812
1173 107.7313309
1174 107.7812805
1175 107.8312302
1176 107.8811798
1177 107.9311295
1178 107.9810791
1179 108.0310287
1180 108.0809784
1181 108.130928
1182 108.1808777
1183 108.2308273
1184 108.280777
1185 108.3307266
1186 108.3806763
1187 108.4306259
1188 108.4805756
1189 108.5305252
1190 108.5804749
1191 108.6304245
1192 108.6803741
1193 108.7303238
1194 108.7802734
1195 108.8302231
1196 108.8801727
1197 108.9301224
1198 108.9800797
1199 109.0300369
1200 109.0799942
1201 109.1299515
1202 109.1799088
1203 109.229866
1204 109.2798233
1205 109.3297806
1206 109.3797379
1207 109.4296951
1208 109.4796524
1209 109.5296097
1210 109.579567
1211 109.6295242
1212 109.6794815
1213 109.7294388
1214 109.7793961
1215 109.8293533
1216 109.8793106
1217 109.9292679
1218 109.9792252
1219 110.0291824
1220 110.0791397
1221 110.129097
1222 110.1790543
1223 110.2290115
1224 110.2789688
1225 110.3289261
1226 110.3788834
1227 110.4288406
1228 110.4787979
1229 110.5287552
1230 110.5787125
1231 110.6286697
1232 110.678627
1233 110.7285843
1234 110.7785416
1235 110.8284988
1236 110.8784561
1237 110.9284134
1238 110.9783707
1239 111.0283279
1240 111.0782852
1241 111.1282425
1242 111.1781998
1243 111.228157
1244 111.2781143
1245 111.3280716
1246 111.3780289
1247 111.4279861
1248 111.477951
1249 111.527916
1250 111.5778809
1251 111.6278458
1252 111.6778107
1253 111.7277756
1254 111.7777405
1255 111.8277054
1256 111.8776703
1257 111.9276352
1258 111.9776001
1259 112.027565
1260 112.0775299
1261 112.1274948
1262 112.1774597
1263 112.2274246
1264 112.2773895
1265 112.3273544
1266 112.3773193
1267 112.4272842
1268 112.4772491
1269 112.5272141
1270 112.577179
1271 112.6271439
1272 112.6771088
1273 112.7270737
1274 112.7770386
1275 112.8270035
1276 112.8769684
1277 112.9269333
1278 112.9768982
1279 113.0268631
1280 113.076828
1281 113.1267929
1282 113.1767578
1283 113.2267227
1284 113.2766876
1285 113.3266525
1286 113.3766174
1287 113.4265823
1288 113.4765472
1289 113.5265121
1290 113.5764771
1291 113.626442
1292 113.6764069
1293 113.7263718
1294 113.7763367
1295 113.8263016
1296 113.8762665
1297 113.9262314
1298 113.9761963
1299 114.0261612
1300 114.0761261
1301 114.126091
1302 114.1760559
1303 114.2260208
1304 114.2759857
1305 114.3259506
1306 114.3759155
1307 114.4258804
1308 114.4758453
1309 114.5258179
1310 114.5757904
1311 114.6257629
1312 114.6757355
1313 114.725708
1314 114.7756805
1315 114.8256531
1316 114.8756256
1317 114.9255981
1318 114.9755707
1319 115.0255432
1320 115.0755157
1321 115.1254883
1322 115.1754608
1323 115.2254333
1324 115.2754059
1325 115.3253784
1326 115.375351
1327 115.4253235
1328 115.475296
1329 115.5252686
1330 115.5752411
1331 115.6252136
1332 115.6751862
1333 115.7251587
1334 115.7751312
1335 115.8251038
1336 115.8750763
1337 115.9250488
1338 115.9750214
1339 116.0249939
1340 116.0749664
1341 116.124939
1342 116.1749115
1343 116.224884
1344 116.2748566
1345 116.3248291
1346 116.3748016
1347 116.4247742
1348 116.4747467
1349 116.5247192
1350 116.5746918
1351 116.6246643
1352 116.6746368
1353 116.7246094
1354 116.7745819
1355 116.8245544
1356 116.874527
1357 116.9244995
1358 116.974472
1359 117.0244446
1360 117.0744171
1361 117.1243896
1362 117.1743622
1363 117.2243347
1364 117.2743073
1365 117.3242798
1366 117.3742523
1367 117.4242249
1368 117.4741974
1369 117.5241699
1370 117.5741425
1371 117.624115
1372 117.6740875
1373 117.7240601
1374 117.7740326
1375 117.8240051
1376 117.8739777
1377 117.9239502
1378 117.9739227
1379 118.0238953
1380 118.0738678
1381 118.1238403
1382 118.1738129
1383 118.2237854
1384 118.2737579
1385 118.3237305
1386 118.373703
1387 118.4236832
1388 118.4736633
1389 118.5236435
1390 118.5736237
1391 118.6236038
1392 118.673584
1393 118.7235641
1394 118.7735443
1395 118.8235245
1396 118.8735046
1397 118.9234848
1398 118.973465
1399 119.0234451
1400 119.0734253
1401 119.1234055
1402 119.1733856
1403 119.2233658
1404 119.2733459
1405 119.3233261
1406 119.3733063
1407 119.4232864
1408 119.4732666
1409 119.5232468
1410 119.5732269
1411 119.6232071
1412 119.6731873
1413 119.7231674
1414 119.7731476
1415 119.8231277
1416 119.8731079
1417 119.9230881
1418 119.9730682
1419 120.0230484
1420 120.0730286
1421 120.1230087
1422 120.1729889
1423 120.2229691
1424 120.2729492
1425 120.3229294
1426 120.3729095
1427 120.4228897
1428 120.4728699
1429 120.52285
1430 120.5728302
1431 120.6228104
1432 120.6727905
1433 120.7227707
1434 120.7727509
1435 120.822731
1436 120.8727112
1437 120.9226913
1438 120.9726715
1439 121.0226517
1440 121.0726318
1441 121.122612
1442 121.1725922
1443 121.2225723
1444 121.2725525
1445 121.3225327
1446 121.3725128
1447 121.422493
1448 121.4724731
1449 121.5224533
1450 121.5724335
1451 121.6224136
1452 121.6723938
1453 121.722374
1454 121.7723541
1455 121.8223343
1456 121.8723145
1457 121.9222946
1458 121.9722748
1459 122.0222549
1460 122.0722351
1461 122.1222153
1462 122.1721954
1463 122.2221756
1464 122.2721558
1465 122.3221359
1466 122.3721161
1467 122.4220963
1468 122.4720764
1469 122.5220566
1470 122.5720367
1471 122.6220169
1472 122.6719971
1473 122.7219772
1474 122.7719574
1475 122.8219376
1476 122.8719177
1477 122.9218979
1478 122.9718781
1479 123.0218582
1480 123.0718384
1481 123.1218185
1482 123.1717987
1483 123.2217789
1484 123.271759
1485 123.3217392
1486 123.3717194
1487 123.4216995
1488 123.4716797
1489 123.5216599
1490 123.57164
1491 123.6216202
1492 123.6716003
1493 123.7215805
1494 123.7715607
1495 123.8215408
1496 123.8715286
1497 123.9215164
1498 123.9715042
1499 124.021492
1500 124.0714798
1501 124.1214676
1502 124.1714554
1503 124.2214432
1504 124.271431
1505 124.3214188
1506 124.3714066
1507 124.4213943
1508 124.4713821
1509 124.5213699
1510 124.5713577
1511 124.6213455
1512 124.6713333
1513 124.7213211
1514 124.7713089
1515 124.8212967
1516 124.8712845
1517 124.9212723
1518 124.9712601
1519 125.0212479
1520 125.0712357
1521 125.1212234
1522 125.1712112
1523 125.221199
1524 125.2711868
1525 125.3211746
1526 125.3711624
1527 125.4211502
1528 125.471138
1529 125.5211258
1530 125.5711136
1531 125.6211014
1532 125.6710892
1533 125.721077
1534 125.7710648
1535 125.8210526
1536 125.8710403
1537 125.9210281
1538 125.9710159
1539 126.0210037
1540 126.0709915
1541 126.1209793
1542 126.1709671
1543 126.2209549
1544 126.2709427
1545 126.3209305
1546 126.3709183
1547 126.4209061
1548 126.4708939
1549 126.5208817
1550 126.5708694
1551 126.6208572
1552 126.670845
1553 126.7208328
1554 126.7708206
1555 126.8208084
1556 126.8707962
1557 126.920784
1558 126.9707718
1559 127.0207596
1560 127.0707474
1561 127.1207352
1562 127.170723
1563 127.2207108
1564 127.2706985
1565 127.3206863
1566 127.3706741
1567 127.4206619
1568 127.4706497
1569 127.5206375
1570 127.5706253
1571 127.6206131
1572 127.6706009
1573 127.7205887
1574 127.7705765
1575 127.8205643
1576 127.8705521
1577 127.9205399
1578 127.9705276
1579 128.0205231
1580 128.0705109
1581 128.1204987
1582 128.1704865
1583 128.2204742
1584 128.270462
1585 128.3204498
1586 128.3704376
1587 128.4204254
1588 128.4704132
1589 128.520401
1590 128.5703888
1591 128.6203766
1592 128.6703644
1593 128.7203522
1594 128.77034
1595 128.8203278
1596 128.8703156
1597 128.9203033
1598 128.9702911
1599 129.0202789
1600 129.0702667
1601 129.1202545
1602 129.1702423
1603 129.2202301
1604 129.2702179
1605 129.3202057
1606 129.3701935
1607 129.4201813
1608 129.4701691
1609 129.5201569
1610 129.5701447
1611 129.6201324
1612 129.6701202
1613 129.720108
1614 129.7700958
1615 129.8200836
1616 129.8700714
1617 129.9200592
1618 129.970047
1619 130.0200348
1620 130.0700226
1621 130.1200104
1622 130.1699982
1623 130.219986
1624 130.2699738
1625 130.3199615
1626 130.3699493
1627 130.4199371
1628 130.4699249
1629 130.5199127
1630 130.5699005
1631 130.6198883
1632 130.6698761
1633 130.7198639
1634 130.7698517
1635 130.8198395
1636 130.8698273
1637 130.9198151
1638 130.9698029
1639 131.0197906
1640 131.0697784
1641 131.1197662
1642 131.169754
1643 131.2197418
1644 131.2697296
1645 131.3197174
1646 131.3697052
1647 131.419693
1648 131.4696808
1649 131.5196686
1650 131.5696564
1651 131.6196442
1652 131.669632
1653 131.7196198
1654 131.7696075
1655 131.8195953
1656 131.8695831
1657 131.9195709
1658 131.9695587
1659 132.0195465
1660 132.0695343
1661 132.1195221
1662 132.1695099
1663 132.2194977
1664 132.2694855
1665 132.3194733
1666 132.3694611
1667 132.4194489
1668 132.4694366
1669 132.5194244
1670 132.5694122
1671 132.6194
1672 132.6693878
1673 132.7193756
1674 132.7693634
1675 132.8193512
1676 132.869339
1677 132.9193268
1678 132.9693146
1679 133.0193024
1680 133.0692902
1681 133.119278
1682 133.1692657
1683 133.2192535
1684 133.2692413
1685 133.3192291
1686 133.3692169
1687 133.4192047
1688 133.4691925
1689 133.5191803
1690 133.5691681
1691 133.6191559
1692 133.6691437
1693 133.7191315
1694 133.7691193
1695 133.8191071
1696 133.8690948
1697 133.9190826
1698 133.9690704
1699 134.0190582
1700 134.069046
1701 134.1190338
1702 134.1690216
1703 134.2190094
1704 134.2689972
1705 134.318985
1706 134.3689728
1707 134.4189606
1708 134.4689484
1709 134.5189362
1710 134.568924
1711 134.6189117
1712 134.6688995
1713 134.7188873
1714 134.7688751
1715 134.8188629
1716 134.8688507
1717 134.9188385
1718 134.9688263
1719 135.0188141
1720 135.0688019
1721 135.1187897
1722 135.1687775
1723 135.2187653
1724 135.2687531
1725 135.3187408
1726 135.3687286
1727 135.4187164
1728 135.4687042
1729 135.518692
1730 135.5686798
1731 135.6186676
1732 135.6686554
1733 135.7186432
1734 135.768631
1735 135.8186188
1736 135.8686066
1737 135.9185944
1738 135.9685822
1739 136.0185699
1740 136.0685577
1741 136.1185455
1742 136.1685333
1743 136.2185211
1744 136.2685089
1745 136.3184967
1746 136.3684845
1747 136.4184723
1748 136.4684601
1749 136.5184479
1750 136.5684357
1751 136.6184235
1752 136.6684113
1753 136.718399
1754 136.7683868
1755 136.8183746
1756 136.8683624
1757 136.9183502
1758 136.968338
1759 137.0183258
1760 137.0683136
1761 137.1183014
1762 137.1682892
1763 137.218277
1764 137.2682648
1765 137.3182526
1766 137.3682404
1767 137.4182281
1768 137.4682159
1769 137.5182037
1770 137.5681915
1771 137.6181793
1772 137.6681671
1773 137.7181549
1774 137.7681427
1775 137.8181305
1776 137.8681183
1777 137.9181061
1778 137.9680939
1779 138.0180817
1780 138.0680695
1781 138.1180573
1782 138.168045
1783 138.2180328
1784 138.2680206
1785 138.3180084
1786 138.3679962
1787 138.417984
1788 138.4679718
1789 138.5179596
1790 138.5679474
1791 138.6179352
1792 138.667923
1793 138.7179108
1794 138.7678986
1795 138.8178864
1796 138.8678741
1797 138.9178619
1798 138.9678497
1799 139.0178375
1800 139.0678253
1801 139.1178131
1802 139.1678009
1803 139.2177887
1804 139.2677765
1805 139.3177643
1806 139.3677521
1807 139.4177399
1808 139.4677277
1809 139.5177155
1810 139.5677032
1811 139.617691
1812 139.6676788
1813 139.7176666
1814 139.7676544
1815 139.8176422
1816 139.86763
1817 139.9176178
1818 139.9676056
1819 140.0175934
1820 140.0675812
1821 140.117569
1822 140.1675568
1823 140.2175446
1824 140.2675323
1825 140.3175201
1826 140.3675079
1827 140.4174957
1828 140.4674835
1829 140.5174713
1830 140.5674591
1831 140.6174469
1832 140.6674347
1833 140.7174225
1834 140.7674103
1835 140.8173981
1836 140.8673859
1837 140.9173737
1838 140.9673615
1839 141.0173492
1840 141.067337
1841 141.1173248
1842 141.1673126
1843 141.2173004
1844 141.2672882
1845 141.317276
1846 141.3672638
1847 141.4172668
1848 141.4672699
1849 141.5172729
1850 141.567276
1851 141.6172791
1852 141.6672821
1853 141.7172852
1854 141.7672882
1855 141.8172913
1856 141.8672943
1857 141.9172974
1858 141.9673004
1859 142.0173035
1860 142.0673065
1861 142.1173096
1862 142.1673126
1863 142.2173157
1864 142.2673187
1865 142.3173218
1866 142.3673248
1867 142.4173279
1868 142.4673309
1869 142.517334
1870 142.567337
1871 142.6173401
1872 142.6673431
1873 142.7173462
1874 142.7673492
1875 142.8173523
1876 142.8673553
1877 142.9173584
1878 142.9673615
1879 143.0173645
1880 143.0673676
1881 143.1173706
1882 143.1673737
1883 143.2173767
1884 143.2673798
1885 143.3173828
1886 143.3673859
1887 143.4173889
1888 143.467392
1889 143.517395
1890 143.5673981
1891 143.6174011
1892 143.6674042
1893 143.7174072
1894 143.7674103
1895 143.8174133
1896 143.8674164
1897 143.9174194
1898 143.9674225
1899 144.0174255
1900 144.0674286
1901 144.1174316
1902 144.1674347
1903 144.2174377
1904 144.2674408
1905 144.3174438
1906 144.3674469
1907 144.41745
1908 144.467453
1909 144.5174561
1910 144.5674591
1911 144.6174622
1912 144.6674652
1913 144.7174683
1914 144.7674713
1915 144.8174744
1916 144.8674774
1917 144.9174805
1918 144.9674835
1919 145.0174866
1920 145.0674896
1921 145.1174927
1922 145.1674957
1923 145.2174988
1924 145.2675018
1925 145.3175049
1926 145.3675079
1927 145.417511
1928 145.467514
1929 145.5175171
1930 145.5675201
1931 145.6175232
1932 145.6675262
1933 145.7175293
1934 145.7675323
1935 145.8175354
1936 145.8675385
1937 145.9175415
1938 145.9675446
1939 146.0175476
1940 146.0675507
1941 146.1175537
1942 146.1675568
1943 146.2175598
1944 146.2675629
1945 146.3175659
1946 146.367569
1947 146.417572
1948 146.4675751
1949 146.5175781
1950 146.5675812
1951 146.6175842
1952 146.6675873
1953 146.7175903
1954 146.7675934
1955 146.8175964
1956 146.8675995
1957 146.9176025
1958 146.9676056
1959 147.0176086
1960 147.0676117
1961 147.1176147
1962 147.1676178
1963 147.2176208
1964 147.2676239
1965 147.317627
1966 147.36763
1967 147.4176331
1968 147.4676361
1969 147.5176392
1970 147.5676422
1971 147.6176453
1972 147.6676483
1973 147.7176514
1974 147.7676544
1975 147.8176575
1976 147.8676605
1977 147.9176636
1978 147.9676666
1979 148.0176697
1980 148.0676727
1981 148.1176758
1982 148.1676788
1983 148.2176819
1984 148.2676849
1985 148.317688
1986 148.367691
1987 148.4176941
1988 148.4676971
1989 148.5177002
1990 148.5677032
1991 148.6177063
1992 148.6677094
1993 148.7177124
1994 148.7677155
1995 148.8177185
1996 148.8677216
1997 148.9177246
1998 148.9677277
1999 149.0177307
2000 149.0677338
2001 149.1177368
2002 149.1677399
2003 149.2177429
2004 149.267746
2005 149.317749
2006 149.3677521
2007 149.4177551
2008 149.4677582
2009 149.5177612
2010 149.5677643
2011 149.6177673
2012 149.6677704
2013 149.7177734
2014 149.7677765
2015 149.8177795
2016 149.8677826
2017 149.9177856
2018 149.9677887
2019 150.0177917
2020 150.0677948
2021 150.1177979
2022 150.1678009
2023 150.217804
2024 150.267807
2025 150.3178101
2026 150.3678131
2027 150.4178162
2028 150.4678192
2029 150.5178223
2030 150.5678253
2031 150.6178284
2032 150.6678314
2033 150.7178345
2034 150.7678375
2035 150.8178406
2036 150.8678436
2037 150.9178467
2038 150.9678497
2039 151.0178528
2040 151.0678558
2041 151.1178589
2042 151.1678619
2043 151.217865
2044 151.267868
2045 151.3178711
2046 151.3678741
2047 151.4178772
2048 151.4678802
2049 151.5178833
2050 151.5678864
2051 151.6178894
2052 151.6678925
2053 151.7178955
2054 151.7678986
2055 151.8179016
2056 151.8679047
2057 151.9179077
2058 151.9679108
2059 152.0179138
2060 152.0679169
2061 152.1179199
2062 152.167923
2063 152.217926
2064 152.2679291
2065 152.3179321
2066 152.3679352
2067 152.4179382
2068 152.4679413
2069 152.5179443
2070 152.5679474
2071 152.6179504
2072 152.6679535
2073 152.7179565
2074 152.7679596
2075 152.8179626
2076 152.8679657
2077 152.9179688
2078 152.9679718
2079 153.0179749
2080 153.0679779
2081 153.117981
2082 153.167984
2083 153.2179871
2084 153.2679901
2085 153.3179932
2086 153.3679962
2087 153.4179993
2088 153.4680023
2089 153.5180054
2090 153.5680084
2091 153.6180115
2092 153.6680145
2093 153.7180176
2094 153.7680206
2095 153.8180237
2096 153.8680267
2097 153.9180298
2098 153.9680328
2099 154.0180359
2100 154.0680389
2101 154.118042
2102 154.168045
2103 154.2180481
2104 154.2680511
2105 154.3180542
2106 154.3680573
2107 154.4180603
2108 154.4680634
2109 154.5180664
2110 154.5680695
2111 154.6180725
2112 154.6680756
2113 154.7180786
2114 154.7680817
2115 154.8180847
2116 154.8680878
2117 154.9180908
2118 154.9680939
2119 155.0180969
2120 155.0681
2121 155.118103
2122 155.1681061
2123 155.2181091
2124 155.2681122
2125 155.3181152
2126 155.3681183
2127 155.4181213
2128 155.4681244
2129 155.5181274
2130 155.5681305
2131 155.6181335
2132 155.6681366
2133 155.7181396
2134 155.7681427
2135 155.8181458
2136 155.8681488
2137 155.9181519
2138 155.9681549
2139 156.018158
2140 156.068161
2141 156.1181641
2142 156.1681671
2143 156.2181702
2144 156.2681732
2145 156.3181763
2146 156.3681793
2147 156.4181824
2148 156.4681854
2149 156.5181885
2150 156.5681915
2151 156.6181946
2152 156.6681976
2153 156.7182007
2154 156.7682037
2155 156.8182068
2156 156.8682098
2157 156.9182129
2158 156.9682159
2159 157.018219
2160 157.068222
2161 157.1182251
2162 157.1682281
2163 157.2182312
2164 157.2682343
2165 157.3182373
2166 157.3682404
2167 157.4182434
2168 157.4682465
2169 157.5182495
2170 157.5682526
2171 157.6182556
2172 157.6682587
2173 157.7182617
2174 157.7682648
2175 157.8182678
2176 157.8682709
2177 157.9182739
2178 157.968277
2179 158.01828
2180 158.0682831
2181 158.1182861
2182 158.1682892
2183 158.2182922
2184 158.2682953
2185 158.3182983
2186 158.3683014
2187 158.4183044
2188 158.4683075
2189 158.5183105
2190 158.5683136
2191 158.6183167
2192 158.6683197
2193 158.7183228
2194 158.7683258
2195 158.8183289
2196 158.8683319
2197 158.918335
2198 158.968338
2199 159.0183411
2200 159.0683441
2201 159.1183472
2202 159.1683502
2203 159.2183533
2204 159.2683563
2205 159.3183594
2206 159.3683624
2207 159.4183655
2208 159.4683685
2209 159.5183716
2210 159.5683746
2211 159.6183777
2212 159.6683807
2213 159.7183838
2214 159.7683868
2215 159.8183899
2216 159.8683929
2217 159.918396
2218 159.968399
2219 160.0184021
2220 160.0684052
2221 160.1184082
2222 160.1684113
2223 160.2184143
2224 160.2684174
2225 160.3184204
2226 160.3684235
2227 160.4184265
2228 160.4684296
2229 160.5184326
2230 160.5684357
2231 160.6184387
2232 160.6684418
2233 160.7184448
2234 160.7684479
2235 160.8184509
2236 160.868454
2237 160.918457
2238 160.9684601
2239 161.0184631
2240 161.0684662
2241 161.1184692
2242 161.1684723
2243 161.2184753
2244 161.2684784
2245 161.3184814
2246 161.3684845
2247 161.4184875
2248 161.4684906
2249 161.5184937
2250 161.5684967
2251 161.6184998
2252 161.6685028
2253 161.7185059
2254 161.7685089
2255 161.818512
2256 161.868515
2257 161.9185181
2258 161.9685211
2259 162.0185242
2260 162.0685272
2261 162.1185303
2262 162.1685333
2263 162.2185364
2264 162.2685394
2265 162.3185425
2266 162.3685455
2267 162.4185486
2268 162.4685516
2269 162.5185547
2270 162.5685577
2271 162.6185608
2272 162.6685638
2273 162.7185669
2274 162.7685699
2275 162.818573
2276 162.868576
2277 162.9185791
2278 162.9685822
2279 163.0185852
2280 163.0685883
2281 163.1185913
2282 163.1685944
2283 163.2185974
2284 163.2686005
2285 163.3186035
2286 163.3686066
2287 163.4186096
2288 163.4686127
2289 163.5186157
2290 163.5686188
2291 163.6186218
2292 163.6686249
2293 163.7186279
2294 163.768631
2295 163.818634
2296 163.8686371
2297 163.9186401
2298 163.9686432
2299 164.0186462
2300 164.0686493
2301 164.1186523
2302 164.1686554
2303 164.2186584
2304 164.2686615
2305 164.3186646
2306 164.3686676
2307 164.4186707
2308 164.4686737
2309 164.5186768
2310 164.5686798
2311 164.6186829
2312 164.6686859
2313 164.718689
2314 164.768692
2315 164.8186951
2316 164.8686981
2317 164.9187012
2318 164.9687042
2319 165.0187073
2320 165.0687103
2321 165.1187134
2322 165.1687164
2323 165.2187195
2324 165.2687225
2325 165.3187256
2326 165.3687286
2327 165.4187317
2328 165.4687347
2329 165.5187378
2330 165.5687408
2331 165.6187439
2332 165.6687469
2333 165.71875
2334 165.7687531
2335 165.8187561
2336 165.8687592
2337 165.9187622
2338 165.9687653
2339 166.0187683
2340 166.0687714
2341 166.1187744
2342 166.1687775
2343 166.2187805
2344 166.2687836
2345 166.3187866
2346 166.3687897
2347 166.4187927
2348 166.4687958
2349 166.5187988
2350 166.5688019
2351 166.6188049
2352 166.668808
2353 166.718811
2354 166.7688141
2355 166.8188171
2356 166.8688202
2357 166.9188232
2358 166.9688263
2359 167.0188293
2360 167.0688324
2361 167.1188354
2362 167.1688385
2363 167.2188416
2364 167.2688446
2365 167.3188477
2366 167.3688507
2367 167.4188538
2368 167.4688568
2369 167.5188599
2370 167.5688629
2371 167.618866
2372 167.668869
2373 167.7188721
2374 167.7688751
2375 167.8188782
2376 167.8688812
2377 167.9188843
2378 167.9688873
2379 168.0188904
2380 168.0688934
2381 168.1188965
2382 168.1688995
2383 168.2189026
2384 168.2689056
2385 168.3189087
2386 168.3689117
2387 168.4189148
2388 168.4689178
2389 168.5189209
2390 168.568924
2391 168.618927
2392 168.6689301
2393 168.7189331
2394 168.7689362
2395 168.8189392
2396 168.8689423
2397 168.9189453
2398 168.9689484
2399 169.0189514
2400 169.0689545
2401 169.1189575
2402 169.1689606
2403 169.2189636
2404 169.2689667
2405 169.3189697
2406 169.3689728
2407 169.4189758
2408 169.4689789
