1 10
2 9.991317749
3 9.982067108
4 9.972249985
5 9.961867332
6 9.950921059
7 9.939432144
8 9.927458763
9 9.91505146
10 9.902254105
11 9.889105797
12 9.875639915
13 9.861886978
14 9.847873688
15 9.83362484
16 9.819163322
17 9.804508209
18 9.78967762
19 9.774688721
20 9.75955677
21 9.74429512
22 9.728917122
23 9.713434219
24 9.697856903
25 9.68219471
26 9.666457176
27 9.650651932
28 9.634786606
29 9.618867874
30 9.602902412
31 9.586895943
32 9.570854187
33 9.554781914
34 9.538683891
35 9.522563934
36 9.506426811
37 9.490275383
38 9.474112511
39 9.457942009
40 9.441765785
41 9.425587654
42 9.409408569
43 9.393231392
44 9.377058029
45 9.360890388
46 9.344730377
47 9.328578949
48 9.312438011
49 9.296308517
50 9.280192375
51 9.264089584
52 9.248002052
53 9.231930733
54 9.215875626
55 9.199838638
56 9.183819771
57 9.167819977
58 9.151839256
59 9.135878563
60 9.11993885
61 9.104020119
62 9.088123322
63 9.072248459
64 9.056395531
65 9.040565491
66 9.024757385
67 9.008973122
68 8.993211746
69 8.977474213
70 8.961760521
71 8.946070671
72 8.930405617
73 8.914764404
74 8.899147987
75 8.883555412
76 8.867987633
77 8.852444649
78 8.83692646
79 8.821434021
80 8.805966377
81 8.790523529
82 8.775105476
83 8.759713173
84 8.744345665
85 8.729003906
86 8.713686943
87 8.698395729
88 8.683129311
89 8.667888641
90 8.652672768
91 8.637482643
92 8.622318268
93 8.607178688
94 8.592064857
95 8.576975822
96 8.561912537
97 8.546874046
98 8.531861305
99 8.51687336
100 8.501911163
101 8.486973763
102 8.472062111
103 8.457175255
104 8.442313194
105 8.427476883
106 8.412665367
107 8.397879601
108 8.383118629
109 8.368382454
110 8.353671074
111 8.338984489
112 8.324323654
113 8.309687614
114 8.29507637
115 8.280489922
116 8.265928268
117 8.251391411
118 8.236879349
119 8.222392082
120 8.207929611
121 8.193490982
122 8.179077148
123 8.16468811
124 8.150323868
125 8.135983467
126 8.121667862
127 8.107377052
128 8.093110085
129 8.078867912
130 8.064649582
131 8.050456047
132 8.036286354
133 8.022141457
134 8.008020401
135 7.993923664
136 7.979850769
137 7.965802193
138 7.951777458
139 7.937776566
140 7.923799992
141 7.90984726
142 7.895918369
143 7.882013321
144 7.868132114
145 7.85427475
146 7.840441227
147 7.826631069
148 7.812844753
149 7.799082279
150 7.78534317
151 7.771627426
152 7.757935524
153 7.744266987
154 7.730621815
155 7.717000008
156 7.703401566
157 7.689826488
158 7.676274776
159 7.662746429
160 7.649241447
161 7.635759354
162 7.622300625
163 7.608864784
164 7.595452309
165 7.582062721
166 7.568696022
167 7.555352211
168 7.542031765
169 7.528734207
170 7.515459538
171 7.502207279
172 7.488977909
173 7.475771427
174 7.462587833
175 7.449426651
176 7.436288357
177 7.423172474
178 7.410079002
179 7.397008419
180 7.383960247
181 7.370934486
182 7.357931137
183 7.344950199
184 7.331991673
185 7.319055557
186 7.306141376
187 7.293249607
188 7.280380249
189 7.267532825
190 7.254707813
191 7.241904736
192 7.229123592
193 7.216364861
194 7.203628063
195 7.1909132
196 7.178220272
197 7.165549278
198 7.152900219
199 7.140272617
200 7.12766695
201 7.115083218
202 7.102520943
203 7.089980602
204 7.07746172
205 7.064964771
206 7.052489281
207 7.040035248
208 7.027602673
209 7.015191555
210 7.002801895
211 6.990433693
212 6.978086948
213 6.965761662
214 6.953457355
215 6.941174507
216 6.92891264
217 6.91667223
218 6.904452801
219 6.892254829
220 6.880077839
221 6.867921829
222 6.8557868
223 6.843672752
224 6.831579685
225 6.819507599
226 6.807456493
227 6.795426369
228 6.783416748
229 6.771428108
230 6.759460449
231 6.747513294
232 6.735586643
233 6.723680973
234 6.711795807
235 6.699931145
236 6.688086987
237 6.676263332
238 6.664460182
239 6.652677536
240 6.640915394
241 6.629173756
242 6.617452621
243 6.605751514
244 6.594070911
245 6.582410336
246 6.570770264
247 6.559150219
248 6.547550201
249 6.535970688
250 6.524411201
251 6.512871742
252 6.50135231
253 6.489852905
254 6.478373528
255 6.4669137
256 6.4554739
257 6.444054127
258 6.432653904
259 6.421273708
260 6.409913063
261 6.398572445
262 6.387251377
263 6.37594986
264 6.364668369
265 6.353406429
266 6.34216404
267 6.3309412
268 6.319737911
269 6.308554173
270 6.297389507
271 6.286244392
272 6.275118828
273 6.264012337
274 6.252925396
275 6.241857529
276 6.230809212
277 6.219779968
278 6.208769798
279 6.197778702
280 6.186806679
281 6.175854206
282 6.164920807
283 6.154006004
284 6.143110275
285 6.13223362
286 6.121376038
287 6.110537052
288 6.09971714
289 6.088916302
290 6.07813406
291 6.067370415
292 6.056625843
293 6.045899868
294 6.03519249
295 6.024503708
296 6.013833523
297 6.003181934
298 5.992548943
299 5.981934547
300 5.971338749
301 5.960761547
302 5.950202465
303 5.93966198
304 5.929140091
305 5.918636322
306 5.90815115
307 5.897684097
308 5.887235165
309 5.876804352
310 5.866392136
311 5.855998039
312 5.845622063
313 5.835264206
314 5.824924469
315 5.814602852
316 5.804298878
317 5.794013023
318 5.783745289
319 5.773495197
320 5.763263226
321 5.753048897
322 5.742852688
323 5.732674122
324 5.722513199
325 5.712370396
326 5.702245235
327 5.692137718
328 5.682047844
329 5.671975613
330 5.661921024
331 5.651884079
332 5.6418643
333 5.631862164
334 5.62187767
335 5.61191082
336 5.601961136
337 5.592029095
338 5.58211422
339 5.572216511
340 5.562336445
341 5.552473545
342 5.542627811
343 5.532799244
344 5.522987843
345 5.513193607
346 5.503416538
347 5.493656635
348 5.483913898
349 5.474188328
350 5.464479446
351 5.454787731
352 5.445113182
353 5.435455322
354 5.425814629
355 5.416190624
356 5.406583309
357 5.39699316
358 5.387419701
359 5.37786293
360 5.368322849
361 5.358799458
362 5.349292755
363 5.339802742
364 5.330329418
365 5.320872784
366 5.311432362
367 5.302008629
368 5.292601585
369 5.283210754
370 5.273836613
371 5.264478683
372 5.255137444
373 5.245812416
374 5.236503601
375 5.227211475
376 5.217935562
377 5.208675861
378 5.199432373
379 5.190205097
380 5.180994034
381 5.171799183
382 5.162620544
383 5.153457642
384 5.144310951
385 5.135180473
386 5.126065731
387 5.116967201
388 5.107884407
389 5.098817825
390 5.089766979
391 5.080731869
392 5.071712971
393 5.062709808
394 5.053722382
395 5.04475069
396 5.035794735
397 5.026854515
398 5.017930031
399 5.009021282
400 5.000128269
401 4.991250515
402 4.982388496
403 4.973542213
404 4.964711189
405 4.955895901
406 4.947095871
407 4.938311577
408 4.929542542
409 4.920788765
410 4.912050724
411 4.903327942
412 4.894620419
413 4.885928154
414 4.877251148
415 4.868589401
416 4.859942913
417 4.851311684
418 4.842695713
419 4.834095001
420 4.825509071
421 4.8169384
422 4.808382511
423 4.799841881
424 4.791316509
425 4.78280592
426 4.774310112
427 4.765829563
428 4.757363796
429 4.748912811
430 4.740476608
431 4.732055187
432 4.723649025
433 4.715257645
434 4.706881046
435 4.698518753
436 4.690171242
437 4.681838512
438 4.673520565
439 4.6652174
440 4.656928539
441 4.648654461
442 4.640394688
443 4.632149696
444 4.62391901
445 4.615703106
446 4.607501507
447 4.599314213
448 4.591141224
449 4.582983017
450 4.574839115
451 4.566709518
452 4.558594227
453 4.55049324
454 4.542406559
455 4.534334183
456 4.526275635
457 4.518231392
458 4.510201454
459 4.502185822
460 4.494184017
461 4.486196518
462 4.478222847
463 4.470263481
464 4.462317944
465 4.454386234
466 4.44646883
467 4.438565254
468 4.430675507
469 4.422799587
470 4.414937973
471 4.407090187
472 4.399256229
473 4.3914361
474 4.383629322
475 4.375836372
476 4.368057251
477 4.360291958
478 4.352540493
479 4.34480238
480 4.337078094
481 4.329367161
482 4.321670055
483 4.313986301
484 4.306316376
485 4.298659801
486 4.291016579
487 4.283387184
488 4.275771141
489 4.268168449
490 4.260579109
491 4.25300312
492 4.245440483
493 4.237891197
494 4.230355263
495 4.22283268
496 4.215323448
497 4.207827568
498 4.200345039
499 4.192875385
500 4.185419083
501 4.177975655
502 4.170545578
503 4.163128853
504 4.155725002
505 4.148334026
506 4.140956402
507 4.133591652
508 4.126239777
509 4.118901253
510 4.111575603
511 4.104262829
512 4.096962929
513 4.089675903
514 4.082401752
515 4.075140476
516 4.067892075
517 4.060656548
518 4.053433418
519 4.046223164
520 4.039025784
521 4.031840801
522 4.024668694
523 4.01750946
524 4.010362625
525 4.003228664
526 3.996107101
527 3.988998175
528 3.981901884
529 3.974817991
530 3.967746735
531 3.960687876
532 3.953641415
533 3.94660759
534 3.939586163
535 3.932577133
536 3.925580502
537 3.918596268
538 3.911624193
539 3.904664516
540 3.897717237
541 3.890782118
542 3.883859396
543 3.876948833
544 3.87005043
545 3.863164186
546 3.856290102
547 3.849428177
548 3.842578411
549 3.835740805
550 3.828915358
551 3.822101831
552 3.815300465
553 3.808511019
554 3.801733732
555 3.794968367
556 3.788214922
557 3.781473398
558 3.774743795
559 3.768026114
560 3.761320353
561 3.754626513
562 3.747944355
563 3.741274118
564 3.734615564
565 3.727968931
566 3.721333981
567 3.714710712
568 3.708099127
569 3.701499462
570 3.69491148
571 3.688334942
572 3.681770086
573 3.675216913
574 3.668675423
575 3.662145376
576 3.655627012
577 3.649120092
578 3.642624617
579 3.636140585
580 3.629668236
581 3.623207331
582 3.61675787
583 3.610319614
584 3.603892803
585 3.597477436
586 3.591073513
587 3.584680796
588 3.578299522
589 3.571929455
590 3.565570593
591 3.559223175
592 3.552886963
593 3.546561956
594 3.540248156
595 3.53394556
596 3.527653933
597 3.52137351
598 3.515104294
599 3.508846045
600 3.502599001
601 3.496362925
602 3.490138054
603 3.48392415
604 3.477721214
605 3.471529245
606 3.465348244
607 3.459178209
608 3.453019142
609 3.446871042
610 3.440733671
611 3.434607267
612 3.428491592
613 3.422386885
614 3.416292906
615 3.410209656
616 3.404137373
617 3.398075819
618 3.392024994
619 3.385984898
620 3.37995553
621 3.373936653
622 3.367928505
623 3.361931086
624 3.355944157
625 3.349967957
626 3.344002247
627 3.338047266
628 3.332102776
629 3.326168776
630 3.320245266
631 3.314332247
632 3.308429718
633 3.30253768
634 3.296656132
635 3.290785074
636 3.284924269
637 3.279073954
638 3.273233891
639 3.267404318
640 3.261584997
641 3.255775928
642 3.24997735
643 3.244189024
644 3.23841095
645 3.232643127
646 3.226885557
647 3.221138
648 3.215400696
649 3.209673643
650 3.203956604
651 3.198249817
652 3.192553043
653 3.186866522
654 3.181190014
655 3.17552352
656 3.169867039
657 3.164220572
658 3.158584118
659 3.152957678
660 3.147341251
661 3.141734838
662 3.136138439
663 3.130551815
664 3.124975204
665 3.119408369
666 3.113851547
667 3.108304501
668 3.102767229
669 3.097239971
670 3.091722488
671 3.086214781
672 3.080716848
673 3.075228691
674 3.069750309
675 3.064281464
676 3.058822393
677 3.053373098
678 3.04793334
679 3.042503357
680 3.037082911
681 3.031672001
682 3.026270866
683 3.020879269
684 3.015497208
685 3.010124683
686 3.004761696
687 2.999408245
688 2.994064331
689 2.988729954
690 2.983404875
691 2.978089333
692 2.972783327
693 2.96748662
694 2.962199211
695 2.956921339
696 2.951652765
697 2.94639349
698 2.941143513
699 2.935903072
700 2.93067193
701 2.925450087
702 2.920237303
703 2.915033817
704 2.90983963
705 2.904654741
706 2.899478912
707 2.894312382
708 2.889154911
709 2.884006739
710 2.878867626
711 2.873737574
712 2.868616581
713 2.863504887
714 2.858402252
715 2.853308678
716 2.848224163
717 2.843148708
718 2.838082075
719 2.833024502
720 2.827975988
721 2.822936296
722 2.817905664
723 2.812883854
724 2.807871103
725 2.802867174
726 2.797872066
727 2.792886019
728 2.787908792
729 2.782940388
730 2.777980804
731 2.773030043
732 2.768088102
733 2.763154745
734 2.758230209
735 2.753314495
736 2.748407602
737 2.743509293
738 2.738619804
739 2.733738899
740 2.728866577
741 2.724003077
742 2.719148159
743 2.714301825
744 2.709464073
745 2.704634905
746 2.69981432
747 2.695002317
748 2.690198898
749 2.685404062
750 2.680617809
751 2.675839901
752 2.671070576
753 2.666309595
754 2.661557198
755 2.656813145
756 2.652077675
757 2.64735055
758 2.642631769
759 2.637921333
760 2.633219242
761 2.628525496
762 2.623840094
763 2.619163036
764 2.614494324
765 2.609833956
766 2.605181932
767 2.600538015
768 2.595902443
769 2.591275215
770 2.586656094
771 2.582045317
772 2.577442646
773 2.572848082
774 2.568261623
775 2.56368351
776 2.559113503
777 2.554551601
778 2.549997807
779 2.545452118
780 2.540914536
781 2.536385059
782 2.531863451
783 2.527349949
784 2.522844553
785 2.518347025
786 2.513857603
787 2.509376049
788 2.504902601
789 2.500437021
790 2.495979309
791 2.491529703
792 2.487087965
793 2.482654095
794 2.478228092
795 2.473809958
796 2.469399691
797 2.464997292
798 2.46060276
799 2.456215858
800 2.451836824
801 2.447465658
802 2.443102121
803 2.438746452
804 2.434398413
805 2.430058241
806 2.425725698
807 2.421401024
808 2.417083979
809 2.412774563
810 2.408472776
811 2.404178619
812 2.399892092
813 2.395613194
814 2.391341925
815 2.387078285
816 2.382822275
817 2.378573895
818 2.374332905
819 2.370099545
820 2.365873814
821 2.361655474
822 2.357444763
823 2.353241444
824 2.349045515
825 2.344857216
826 2.340676308
827 2.33650279
828 2.332336664
829 2.328177929
830 2.324026585
831 2.319882631
832 2.315746069
833 2.311616898
834 2.307495117
835 2.303380728
836 2.299273491
837 2.295173645
838 2.29108119
839 2.286995888
840 2.282917976
841 2.278847218
842 2.274783611
843 2.270727396
844 2.266678333
845 2.262636423
846 2.258601665
847 2.25457406
848 2.250553846
849 2.246540785
850 2.242534637
851 2.238535643
852 2.2345438
853 2.230559111
854 2.226581573
855 2.22261095
856 2.21864748
857 2.214691162
858 2.210741758
859 2.206799507
860 2.20286417
861 2.198935747
862 2.195014477
863 2.191100121
864 2.187192678
865 2.18329215
866 2.179398775
867 2.175512314
868 2.171632767
869 2.167760134
870 2.163894176
871 2.160035133
872 2.156183004
873 2.15233779
874 2.148499489
875 2.144667864
876 2.140843153
877 2.137025118
878 2.133213997
879 2.129409552
880 2.12561202
881 2.121821165
882 2.118036985
883 2.11425972
884 2.11048913
885 2.106725216
886 2.102967978
887 2.099217415
888 2.095473528
889 2.091736317
890 2.088005781
891 2.084281921
892 2.080564737
893 2.076853991
894 2.07314992
895 2.069452524
896 2.065761566
897 2.062077284
898 2.058399439
899 2.05472827
900 2.051063538
901 2.047405481
902 2.043753862
903 2.040108681
904 2.036469936
905 2.032837868
906 2.029212236
907 2.025593042
908 2.021980286
909 2.018373966
910 2.014774084
911 2.011180639
912 2.007593632
913 2.004012823
914 2.000438452
915 1.996870399
916 1.993308783
917 1.989753485
918 1.986204505
919 1.982661843
920 1.9791255
921 1.975595474
922 1.972071767
923 1.968554258
924 1.965043068
925 1.961538076
926 1.958039284
927 1.954546809
928 1.951060534
929 1.947580457
930 1.944106579
931 1.9406389
932 1.93717742
933 1.933722019
934 1.930272818
935 1.926829815
936 1.923392892
937 1.919962049
938 1.916537404
939 1.913118839
940 1.909706354
941 1.906299949
942 1.902899623
943 1.899505258
944 1.896116972
945 1.892734766
946 1.889358521
947 1.885988355
948 1.882624149
949 1.879265904
950 1.875913739
951 1.872567534
952 1.86922729
953 1.865893006
954 1.862564564
955 1.859242082
956 1.85592556
957 1.85261488
958 1.84931016
959 1.846011281
960 1.842718244
961 1.839431167
962 1.836149931
963 1.832874537
964 1.829604983
965 1.826341271
966 1.823083282
967 1.819831133
968 1.816584826
969 1.81334424
970 1.810109496
971 1.806880474
972 1.803657174
973 1.800439596
974 1.79722774
975 1.794021606
976 1.790821195
977 1.787626505
978 1.784437537
979 1.781254172
980 1.77807653
981 1.774904609
982 1.771738291
983 1.768577576
984 1.765422583
985 1.762273192
986 1.759129405
987 1.75599122
988 1.752858639
989 1.749731541
990 1.746610045
991 1.743494153
992 1.740383744
993 1.737278938
994 1.734179616
995 1.731085896
996 1.727997661
997 1.724914908
998 1.72183764
999 1.718765855
1000 1.715699553
1001 1.712638736
1002 1.709583402
1003 1.706533432
1004 1.703488946
1005 1.700449824
1006 1.697416186
1007 1.694387913
1008 1.691365004
1009 1.688347578
1010 1.685335517
1011 1.68232882
1012 1.679327488
1013 1.676331401
1014 1.673340678
1015 1.67035532
1016 1.667375326
1017 1.664400578
1018 1.661431193
1019 1.658467054
1020 1.655508161
1021 1.652554512
1022 1.649606228
1023 1.646663189
1024 1.643725395
1025 1.640792847
1026 1.637865424
1027 1.634943247
1028 1.632026315
1029 1.629114628
1030 1.626208067
1031 1.623306632
1032 1.620410442
1033 1.617519379
1034 1.614633441
1035 1.611752748
1036 1.608877182
1037 1.606006742
1038 1.603141308
1039 1.600281
1040 1.597425818
1041 1.594575763
1042 1.591730714
1043 1.588890791
1044 1.586055875
1045 1.583226085
1046 1.580401301
1047 1.577581525
1048 1.574766755
1049 1.571957111
1050 1.569152474
1051 1.566352725
1052 1.563557982
1053 1.560768247
1054 1.557983518
1055 1.555203676
1056 1.552428842
1057 1.549659014
1058 1.546894073
1059 1.544134021
1060 1.541378975
1061 1.538628817
1062 1.535883546
1063 1.533143163
1064 1.530407667
1065 1.527677059
1066 1.524951339
1067 1.522230387
1068 1.519514322
1069 1.516803145
1070 1.514096737
1071 1.511395216
1072 1.508698463
1073 1.506006479
1074 1.503319383
1075 1.500637054
1076 1.497959495
1077 1.495286703
1078 1.49261868
1079 1.489955425
1080 1.487296939
1081 1.484643102
1082 1.481994033
1083 1.479349732
1084 1.476710081
1085 1.474075198
1086 1.471444964
1087 1.46881938
1088 1.466198564
1089 1.463582397
1090 1.460970879
1091 1.45836401
1092 1.45576179
1093 1.45316422
1094 1.450571299
1095 1.447983027
1096 1.445399284
1097 1.442820191
1098 1.440245628
1099 1.437675714
1100 1.435110331
1101 1.432549596
1102 1.429993391
1103 1.427441716
1104 1.424894571
1105 1.422352076
1106 1.41981411
1107 1.417280674
1108 1.414751649
1109 1.412227154
1110 1.409707189
1111 1.407191753
1112 1.404680729
1113 1.402174234
1114 1.399672151
1115 1.397174597
1116 1.394681454
1117 1.392192721
1118 1.389708519
1119 1.387228727
1120 1.384753346
1121 1.382282376
1122 1.379815817
1123 1.377353668
1124 1.37489593
1125 1.372442484
1126 1.369993448
1127 1.367548823
1128 1.36510849
1129 1.362672567
1130 1.360240936
1131 1.357813716
1132 1.355390787
1133 1.35297215
1134 1.350557804
1135 1.34814775
1136 1.345741987
1137 1.343340516
1138 1.340943336
1139 1.338550448
1140 1.336161852
1141 1.333777547
1142 1.331397414
1143 1.329021573
1144 1.326649904
1145 1.324282527
1146 1.321919322
1147 1.319560409
1148 1.317205667
1149 1.314855099
1150 1.312508702
1151 1.310166478
1152 1.307828546
1153 1.305494666
1154 1.303164959
1155 1.300839424
1156 1.298518062
1157 1.296200871
1158 1.293887734
1159 1.29157877
1160 1.289273977
1161 1.286973238
1162 1.284676552
1163 1.282384038
1164 1.280095577
1165 1.27781117
1166 1.275530934
1167 1.273254752
1168 1.270982623
1169 1.268714547
1170 1.266450524
1171 1.264190435
1172 1.2619344
1173 1.259682417
1174 1.257434487
1175 1.255190492
1176 1.252950549
1177 1.25071454
1178 1.248482585
1179 1.246254563
1180 1.244030595
1181 1.24181056
1182 1.23959446
1183 1.237382293
1184 1.23517406
1185 1.232969761
1186 1.230769396
1187 1.228572965
1188 1.226380467
1189 1.224191904
1190 1.222007275
1191 1.21982646
1192 1.217649579
1193 1.215476632
1194 1.2133075
1195 1.211142182
1196 1.208980799
1197 1.20682323
1198 1.204669476
1199 1.202519655
1200 1.20037365
1201 1.198231459
1202 1.196093082
1203 1.193958521
1204 1.191827774
1205 1.189700842
1206 1.187577724
1207 1.185458302
1208 1.183342695
1209 1.181230903
1210 1.179122806
1211 1.177018523
1212 1.174917936
1213 1.172821164
1214 1.170728087
1215 1.168638825
1216 1.166553259
1217 1.164471388
1218 1.162393212
1219 1.160318732
1220 1.158247948
1221 1.156180859
1222 1.154117465
1223 1.152057767
1224 1.150001764
1225 1.147949457
1226 1.145900726
1227 1.143855691
1228 1.141814351
1229 1.139776587
1230 1.137742519
1231 1.135712028
1232 1.133685112
1233 1.131661892
1234 1.129642248
1235 1.127626181
1236 1.125613689
1237 1.123604894
1238 1.121599674
1239 1.119598031
1240 1.117599964
1241 1.115605354
1242 1.113614321
1243 1.111626863
1244 1.109642982
1245 1.107662678
1246 1.10568583
1247 1.103712559
1248 1.101742744
1249 1.099776506
1250 1.097813725
1251 1.095854521
1252 1.093898773
1253 1.091946483
1254 1.089997649
1255 1.088052273
1256 1.086110473
1257 1.08417213
1258 1.082237244
1259 1.080305815
1260 1.078377724
1261 1.07645309
1262 1.074531913
1263 1.072614193
1264 1.07069993
1265 1.068789005
1266 1.066881537
1267 1.064977407
1268 1.063076735
1269 1.061179399
1270 1.059285522
1271 1.057394981
1272 1.055507779
1273 1.053624034
1274 1.051743627
1275 1.049866557
1276 1.047992826
1277 1.046122432
1278 1.044255376
1279 1.042391658
1280 1.040531278
1281 1.038674235
1282 1.036820412
1283 1.034969926
1284 1.033122778
1285 1.031278968
1286 1.029438376
1287 1.027601123
1288 1.025767088
1289 1.023936391
1290 1.022108912
1291 1.020284653
1292 1.018463731
1293 1.016646028
1294 1.014831543
1295 1.013020277
1296 1.01121223
1297 1.009407401
1298 1.007605791
1299 1.0058074
1300 1.004012227
1301 1.002220273
1302 1.000431538
1303 0.9986460209
1304 0.9968636632
1305 0.9950844646
1306 0.9933084846
1307 0.9915356636
1308 0.9897660017
1309 0.9879994988
1310 0.986236155
1311 0.9844759107
1312 0.9827188253
1313 0.9809648991
1314 0.9792140722
1315 0.9774664044
1316 0.9757218361
1317 0.9739803672
1318 0.9722419977
1319 0.9705067277
1320 0.9687745571
1321 0.967045486
1322 0.9653195143
1323 0.9635965824
1324 0.96187675
1325 0.960160017
1326 0.9584463239
1327 0.9567356706
1328 0.9550280571
1329 0.9533235431
1330 0.9516220689
1331 0.9499235749
1332 0.9482281208
1333 0.9465357065
1334 0.9448463321
1335 0.9431599379
1336 0.9414765835
1337 0.9397962093
1338 0.9381188154
1339 0.9364444613
1340 0.9347730875
1341 0.9331046939
1342 0.9314392805
1343 0.9297768474
1344 0.9281173348
1345 0.9264608026
1346 0.9248072505
1347 0.9231566191
1348 0.9215089679
1349 0.9198642373
1350 0.9182224274
1351 0.9165835381
1352 0.9149475694
1353 0.9133145213
1354 0.9116843939
1355 0.9100571871
1356 0.9084329009
1357 0.9068114758
1358 0.9051929712
1359 0.9035773277
1360 0.9019646049
1361 0.900354743
1362 0.8987477422
1363 0.8971436024
1364 0.8955423236
1365 0.8939439058
1366 0.8923483491
1367 0.8907556534
1368 0.8891657591
1369 0.8875787258
1370 0.8859945536
1371 0.8844131827
1372 0.8828346133
1373 0.8812589049
1374 0.879685998
1375 0.8781158924
1376 0.8765485883
1377 0.8749840856
1378 0.8734223843
1379 0.8718634248
1380 0.8703072667
1381 0.8687539101
1382 0.8672032952
1383 0.8656554222
1384 0.8641103506
1385 0.8625680208
1386 0.8610284328
1387 0.8594915867
1388 0.8579574823
1389 0.8564261198
1390 0.8548974991
1391 0.8533716202
1392 0.8518484235
1393 0.8503279686
1394 0.8488102555
1395 0.8472952247
1396 0.845782876
1397 0.8442732692
1398 0.8427663445
1399 0.8412621021
1400 0.8397605419
1401 0.8382616639
1402 0.8367654681
1403 0.8352719545
1404 0.8337810636
1405 0.8322928548
1406 0.8308073282
1407 0.8293244243
1408 0.8278441429
1409 0.8263665438
1410 0.8248915672
1411 0.8234192133
1412 0.821949482
1413 0.8204823732
1414 0.8190178871
1415 0.8175560236
1416 0.8160967827
1417 0.8146401048
1418 0.8131860495
1419 0.8117346168
1420 0.8102857471
1421 0.8088394403
1422 0.8073957562
1423 0.8059546351
1424 0.804516077
1425 0.8030800819
1426 0.8016466498
1427 0.8002157807
1428 0.7987874746
1429 0.7973617315
1430 0.7959384918
1431 0.7945178151
1432 0.7930996418
1433 0.7916840315
1434 0.7902709246
1435 0.7888603806
1436 0.7874523401
1437 0.786046803
1438 0.7846437693
1439 0.7832432389
1440 0.781845212
1441 0.7804496884
1442 0.7790566683
1443 0.7776660919
1444 0.776278019
1445 0.7748923898
1446 0.773509264
1447 0.772128582
1448 0.7707504034
1449 0.7693746686
1450 0.7680013776
1451 0.7666305304
1452 0.7652621269
1453 0.7638961673
1454 0.7625326514
1455 0.7611715794
1456 0.7598129511
1457 0.758456707
1458 0.7571029067
1459 0.7557515502
1460 0.7544025779
1461 0.7530559897
1462 0.7517118454
1463 0.7503700852
1464 0.7490307093
1465 0.7476937175
1466 0.7463591099
1467 0.7450268865
1468 0.7436970472
1469 0.7423695922
1470 0.7410445213
1471 0.7397217751
1472 0.738401413
1473 0.7370833755
1474 0.7357677221
1475 0.7344543934
1476 0.7331434488
1477 0.7318348289
1478 0.7305285335
1479 0.7292245626
1480 0.7279229164
1481 0.7266235948
1482 0.7253265977
1483 0.7240319252
1484 0.7227395773
1485 0.7214494944
1486 0.720161736
1487 0.7188763022
1488 0.7175931334
1489 0.7163122296
1490 0.7150336504
1491 0.7137573361
1492 0.7124832869
1493 0.7112115026
1494 0.7099419832
1495 0.7086747885
1496 0.7074097991
1497 0.7061470747
1498 0.7048866153
1499 0.7036284208
1500 0.7023724914
1501 0.7011187673
1502 0.6998673081
1503 0.6986180544
1504 0.6973710656
1505 0.6961262822
1506 0.6948837042
1507 0.6936433315
1508 0.6924051642
1509 0.6911692619
1510 0.689935565
1511 0.6887040734
1512 0.6874747276
1513 0.6862475872
1514 0.6850226521
1515 0.6837999225
1516 0.6825793386
1517 0.68136096
1518 0.6801447272
1519 0.6789306998
1520 0.6777188182
1521 0.6765090823
1522 0.6753015518
1523 0.6740961671
1524 0.6728929281
1525 0.6716918349
1526 0.6704928875
1527 0.6692960858
1528 0.6681013703
1529 0.6669088006
1530 0.6657183766
1531 0.6645300984
1532 0.6633439064
1533 0.6621598601
1534 0.6609779
1535 0.6597980857
1536 0.6586203575
1537 0.6574447155
1538 0.6562711596
1539 0.65509969
1540 0.653930366
1541 0.6527631283
1542 0.6515979767
1543 0.6504348516
1544 0.6492738128
1545 0.6481148601
1546 0.6469579935
1547 0.6458031535
1548 0.6446503997
1549 0.6434996724
1550 0.6423510313
1551 0.6412044168
1552 0.6400598884
1553 0.6389173865
1554 0.6377769113
1555 0.6366384625
1556 0.6355020404
1557 0.6343676448
1558 0.6332352757
1559 0.6321049333
1560 0.6309766173
1561 0.629850328
1562 0.6287260652
1563 0.6276037693
1564 0.6264835
1565 0.6253651977
1566 0.6242489219
1567 0.623134613
1568 0.6220223308
1569 0.6209120154
1570 0.6198036671
1571 0.6186972857
1572 0.6175929308
1573 0.6164905429
1574 0.6153901219
1575 0.6142916679
1576 0.6131951213
1577 0.6121005416
1578 0.6110079288
1579 0.6099172831
1580 0.6088285446
1581 0.6077417731
1582 0.6066569686
1583 0.6055740714
1584 0.6044930816
1585 0.6034140587
1586 0.6023369431
1587 0.601261735
1588 0.6001884937
1589 0.5991171598
1590 0.5980477333
1591 0.5969802141
1592 0.5959146023
1593 0.5948508978
1594 0.5937891006
1595 0.5927291512
1596 0.5916711092
1597 0.5906149745
1598 0.5895606875
1599 0.5885083079
1600 0.5874577761
1601 0.5864091516
1602 0.5853623748
1603 0.5843175054
1604 0.5832744837
1605 0.5822333097
1606 0.5811939836
1607 0.5801565051
1608 0.579120934
1609 0.5780872107
1610 0.5770552754
1611 0.576025188
1612 0.5749969482
1613 0.5739705563
1614 0.572946012
1615 0.5719232559
1616 0.5709023476
1617 0.569883287
1618 0.5688660145
1619 0.5678505898
1620 0.5668369532
1621 0.5658251047
1622 0.564815104
1623 0.5638068914
1624 0.562800467
1625 0.5617958307
1626 0.5607929826
1627 0.5597919226
1628 0.5587926507
1629 0.557795167
1630 0.5567994714
1631 0.5558055639
1632 0.5548134446
1633 0.5538230538
1634 0.5528344512
1635 0.5518476367
1636 0.5508625507
1637 0.5498792529
1638 0.5488976836
1639 0.5479179025
1640 0.5469398499
1641 0.5459635258
1642 0.5449889302
1643 0.5440161228
1644 0.5430450439
1645 0.5420756936
1646 0.5411080718
1647 0.5401421785
1648 0.5391780138
1649 0.5382155776
1650 0.5372548103
1651 0.5362957716
1652 0.5353384614
1653 0.5343828797
1654 0.533428967
1655 0.5324767828
1656 0.5315262675
1657 0.5305774808
1658 0.529630363
1659 0.5286849141
1660 0.5277411938
1661 0.5267991424
1662 0.5258587599
1663 0.5249200463
1664 0.5239830613
1665 0.5230477452
1666 0.5221140981
1667 0.5211821198
1668 0.5202517509
1669 0.519323051
1670 0.5183960199
1671 0.5174706578
1672 0.5165469646
1673 0.5156248808
1674 0.5147044659
1675 0.5137856603
1676 0.5128685236
1677 0.5119529963
1678 0.5110391378
1679 0.5101268888
1680 0.5092163086
1681 0.5083073378
1682 0.5073999763
1683 0.5064942241
1684 0.5055900812
1685 0.5046875477
1686 0.5037866235
1687 0.5028873086
1688 0.501989603
1689 0.5010935068
1690 0.5001990199
1691 0.4993061423
1692 0.4984148443
1693 0.4975251257
1694 0.4966370165
1695 0.4957504869
1696 0.4948655367
1697 0.4939821661
1698 0.4931003749
1699 0.4922201633
1700 0.4913415015
1701 0.4904644191
1702 0.4895889163
1703 0.4887149632
1704 0.4878425598
1705 0.486971736
1706 0.4861024618
1707 0.4852347374
1708 0.4843685627
1709 0.4835039377
1710 0.4826408625
1711 0.4817793071
1712 0.4809193015
1713 0.4800608158
1714 0.4792038798
1715 0.4783484638
1716 0.4774945676
1717 0.4766421914
1718 0.4757913351
1719 0.4749419987
1720 0.4740941823
1721 0.4732478857
1722 0.4724031091
1723 0.4715598226
1724 0.470718056
1725 0.4698777795
1726 0.4690390229
1727 0.4682017565
1728 0.4673659801
1729 0.4665316939
1730 0.4656988978
1731 0.4648675919
1732 0.464037776
1733 0.4632094204
1734 0.462382555
1735 0.4615571499
1736 0.4607332349
1737 0.4599107802
1738 0.4590898156
1739 0.4582703114
1740 0.4574522674
1741 0.4566356838
1742 0.4558205605
1743 0.4550068974
1744 0.454194665
1745 0.4533838928
1746 0.4525745511
1747 0.4517666698
1748 0.4509602189
1749 0.4501552284
1750 0.4493516684
1751 0.4485495389
1752 0.4477488399
1753 0.4469495714
1754 0.4461517334
1755 0.4453553259
1756 0.4445603192
1757 0.4437667429
1758 0.4429745674
1759 0.4421838224
1760 0.4413944781
1761 0.4406065643
1762 0.4398200512
1763 0.4390349388
1764 0.4382512271
1765 0.4374689162
1766 0.4366880059
1767 0.4359084666
1768 0.4351303279
1769 0.43435359
1770 0.433578223
1771 0.4328042567
1772 0.4320316613
1773 0.4312604368
1774 0.4304905832
1775 0.4297221303
1776 0.4289550483
1777 0.4281893373
1778 0.4274249673
1779 0.4266619682
1780 0.4259003401
1781 0.4251400828
1782 0.4243811667
1783 0.4236235917
1784 0.4228673875
1785 0.4221125245
1786 0.4213590026
1787 0.4206068218
1788 0.4198560119
1789 0.4191065431
1790 0.4183583856
1791 0.4176115692
1792 0.4168660939
1793 0.4161219597
1794 0.4153791368
1795 0.414637655
1796 0.4138974845
1797 0.4131586254
1798 0.4124211073
1799 0.4116849005
1800 0.4109500051
1801 0.4102164209
1802 0.409484148
1803 0.4087531865
1804 0.4080235362
1805 0.4072951674
1806 0.40656811
1807 0.405842334
1808 0.4051178694
1809 0.4043946862
1810 0.4036728144
1811 0.402952224
1812 0.4022329152
1813 0.4015148878
1814 0.400798142
1815 0.4000826776
1816 0.3993684947
1817 0.3986555934
1818 0.3979439437
1819 0.3972335756
1820 0.3965244591
1821 0.3958166242
1822 0.3951100409
1823 0.3944047391
1824 0.3937006891
1825 0.3929978907
1826 0.392296344
1827 0.3915960491
1828 0.3908970058
1829 0.3901992142
1830 0.3895026743
1831 0.3888073564
1832 0.3881132901
1833 0.3874204755
1834 0.3867288828
1835 0.3860385418
1836 0.3853494227
1837 0.3846615255
1838 0.3839748502
1839 0.3832894266
1840 0.3826052248
1841 0.381922245
1842 0.3812404871
1843 0.3805599213
1844 0.3798805773
1845 0.3792024553
1846 0.3785255253
1847 0.3778498173
1848 0.3771753013
1849 0.3765020072
1850 0.3758299053
1851 0.3751589954
1852 0.3744893074
1853 0.3738208115
1854 0.3731535077
1855 0.372487396
1856 0.3718224764
1857 0.3711587191
1858 0.3704961538
1859 0.3698347807
1860 0.3691745698
1861 0.3685155511
1862 0.3678577244
1863 0.3672010601
1864 0.366545558
1865 0.3658912182
1866 0.3652380705
1867 0.3645860851
1868 0.363935262
1869 0.3632856011
1870 0.3626371026
1871 0.3619897664
1872 0.3613435626
1873 0.3606985211
1874 0.360054642
1875 0.3594118953
1876 0.3587703109
1877 0.358129859
1878 0.3574905694
1879 0.3568524122
1880 0.3562153876
1881 0.3555794954
1882 0.3549447358
1883 0.3543111086
1884 0.3536786139
1885 0.3530472517
1886 0.352417022
1887 0.3517879248
1888 0.3511599302
1889 0.3505330682
1890 0.3499073386
1891 0.3492827117
1892 0.3486591876
1893 0.3480367959
1894 0.3474155068
1895 0.3467953205
1896 0.3461762369
1897 0.3455582857
1898 0.3449414372
1899 0.3443256617
1900 0.3437109888
1901 0.3430974185
1902 0.342484951
1903 0.3418735862
1904 0.3412632942
1905 0.3406541049
1906 0.3400459886
1907 0.3394389749
1908 0.338833034
1909 0.3382281661
1910 0.3376244009
1911 0.3370217085
1912 0.336420089
1913 0.3358195424
1914 0.3352200687
1915 0.3346216679
1916 0.3340243399
1917 0.333428055
1918 0.3328328431
1919 0.332238704
1920 0.3316456079
1921 0.3310535848
1922 0.3304626048
1923 0.3298726976
1924 0.3292838335
1925 0.3286960125
1926 0.3281092644
1927 0.3275235593
1928 0.3269388974
1929 0.3263552785
1930 0.3257727027
1931 0.32519117
1932 0.3246106505
1933 0.3240311742
1934 0.3234527409
1935 0.3228753507
1936 0.3222989738
1937 0.32172364
1938 0.3211493194
1939 0.3205760419
1940 0.3200037777
1941 0.3194325268
1942 0.3188622892
1943 0.3182930946
1944 0.3177249134
1945 0.3171577454
1946 0.3165915906
1947 0.3160264492
1948 0.3154622912
1949 0.3148991466
1950 0.3143370152
1951 0.313775897
1952 0.3132157624
1953 0.312656641
1954 0.3120985031
1955 0.3115413785
1956 0.3109852374
1957 0.3104300797
1958 0.3098759353
1959 0.3093227744
1960 0.308770597
1961 0.308219403
1962 0.3076691926
1963 0.3071199656
1964 0.306571722
1965 0.306024462
1966 0.3054781556
1967 0.3049328327
1968 0.3043884933
1969 0.3038451076
1970 0.3033027053
1971 0.3027612567
1972 0.3022207916
1973 0.3016812801
1974 0.3011427522
1975 0.3006051779
1976 0.3000685573
1977 0.2995328903
1978 0.2989981771
1979 0.2984644175
1980 0.2979316115
1981 0.2973997593
1982 0.2968688607
1983 0.2963389158
1984 0.2958099246
1985 0.2952818573
1986 0.2947547436
1987 0.2942285538
1988 0.2937033176
1989 0.2931790054
1990 0.2926556468
1991 0.2921332121
1992 0.2916117013
1993 0.2910911441
1994 0.2905715108
1995 0.2900528014
1996 0.2895350158
1997 0.2890181541
1998 0.2885022163
1999 0.2879872024
2000 0.2874731123
2001 0.2869599462
2002 0.286447674
2003 0.2859363258
2004 0.2854259014
2005 0.2849163711
2006 0.2844077647
2007 0.2839000523
2008 0.2833932638
2009 0.2828873694
2010 0.282382369
2011 0.2818782926
2012 0.2813751101
2013 0.2808728218
2014 0.2803714275
2015 0.2798709273
2016 0.2793713212
2017 0.2788726091
2018 0.2783747911
2019 0.2778778672
2020 0.2773818076
2021 0.276886642
2022 0.2763923705
2023 0.2758989632
2024 0.27540645
2025 0.2749148011
2026 0.2744240463
2027 0.2739341557
2028 0.2734451592
2029 0.272957027
2030 0.272469759
2031 0.2719833553
2032 0.2714978158
2033 0.2710131407
2034 0.2705293596
2035 0.2700464427
2036 0.2695643604
2037 0.2690831423
2038 0.2686027884
2039 0.2681232989
2040 0.2676446736
2041 0.2671668828
2042 0.2666899562
2043 0.2662138641
2044 0.2657386363
2045 0.2652642429
2046 0.2647907138
2047 0.2643180192
2048 0.2638461888
2049 0.2633751929
2050 0.2629050314
2051 0.2624357045
2052 0.261967212
2053 0.2614995539
2054 0.2610327303
2055 0.2605667412
2056 0.2601015866
2057 0.2596372664
2058 0.2591737807
2059 0.2587111294
2060 0.2582492828
2061 0.2577882707
2062 0.2573280931
2063 0.2568687201
2064 0.2564101815
2065 0.2559524477
2066 0.2554955482
2067 0.2550394535
2068 0.2545841634
2069 0.2541297078
2070 0.2536760569
2071 0.2532232106
2072 0.2527711689
2073 0.252319932
2074 0.2518694997
2075 0.251419872
2076 0.2509710491
2077 0.2505230308
2078 0.2500758171
2079 0.2496293932
2080 0.249183774
2081 0.2487389445
2082 0.2482949048
2083 0.2478516698
2084 0.2474092245
2085 0.246967569
2086 0.2465267032
2087 0.2460866123
2088 0.2456473112
2089 0.2452087998
2090 0.2447710633
2091 0.2443341166
2092 0.2438979447
2093 0.2434625477
2094 0.2430279255
2095 0.2425940931
2096 0.2421610355
2097 0.241728738
2098 0.2412972152
2099 0.2408664674
2100 0.2404364794
2101 0.2400072664
2102 0.2395788133
2103 0.2391511351
2104 0.2387242168
2105 0.2382980585
2106 0.2378726602
2107 0.2374480218
2108 0.2370241433
2109 0.2366010249
2110 0.2361786515
2111 0.235757038
2112 0.2353361845
2113 0.2349160761
2114 0.2344967127
2115 0.2340781093
2116 0.2336602509
2117 0.2332431376
2118 0.2328267694
2119 0.2324111462
2120 0.2319962531
2121 0.2315821052
2122 0.2311687022
2123 0.2307560295
2124 0.2303441018
2125 0.2299329042
2126 0.2295224369
2127 0.2291126996
2128 0.2287037075
2129 0.2282954454
2130 0.2278878987
2131 0.2274810821
2132 0.2270749956
2133 0.2266696393
2134 0.2262649983
2135 0.2258610874
2136 0.2254578918
2137 0.2250554115
2138 0.2246536613
2139 0.2242526263
2140 0.2238523066
2141 0.2234527022
2142 0.223053813
2143 0.2226556242
2144 0.2222581506
2145 0.2218613923
2146 0.2214653343
2147 0.2210699916
2148 0.2206753492
2149 0.2202814072
2150 0.2198881656
2151 0.2194956392
2152 0.2191038132
2153 0.2187126875
2154 0.2183222473
2155 0.2179325074
2156 0.2175434679
2157 0.2171551138
2158 0.2167674601
2159 0.2163804919
2160 0.215994224
2161 0.2156086415
2162 0.2152237445
2163 0.214839533
2164 0.2144560069
2165 0.2140731663
2166 0.2136910111
2167 0.2133095413
2168 0.2129287571
2169 0.2125486434
2170 0.2121692151
2171 0.2117904574
2172 0.2114123851
2173 0.2110349834
2174 0.2106582522
2175 0.2102821916
2176 0.2099068016
2177 0.2095320821
2178 0.2091580331
2179 0.2087846547
2180 0.2084119469
2181 0.2080398947
2182 0.2076685131
2183 0.2072977871
2184 0.2069277316
2185 0.2065583318
2186 0.2061895877
2187 0.2058215141
2188 0.2054540962
2189 0.2050873339
2190 0.2047212273
2191 0.2043557763
2192 0.2039909661
2193 0.2036268115
2194 0.2032633126
2195 0.2029004544
2196 0.2025382519
2197 0.2021766901
2198 0.2018157691
2199 0.2014555037
2200 0.2010958791
2201 0.2007368952
2202 0.2003785521
2203 0.2000208497
2204 0.1996637881
2205 0.1993073523
2206 0.1989515573
2207 0.198596403
2208 0.1982418746
2209 0.1978879869
2210 0.1975347251
2211 0.1971820891
2212 0.1968300939
2213 0.1964787245
2214 0.1961279809
2215 0.1957778633
2216 0.1954283714
2217 0.1950795054
2218 0.1947312653
2219 0.1943836361
2220 0.1940366328
2221 0.1936902553
2222 0.1933444887
2223 0.1929993331
2224 0.1926548034
2225 0.1923108846
2226 0.1919675767
2227 0.1916248798
2228 0.1912827939
2229 0.1909413189
2230 0.1906004548
2231 0.1902602017
2232 0.1899205595
2233 0.1895815283
2234 0.1892430931
2235 0.1889052689
2236 0.1885680407
2237 0.1882314235
2238 0.1878954023
2239 0.1875599772
2240 0.1872251481
2241 0.1868909299
2242 0.1865573078
2243 0.1862242818
2244 0.1858918369
2245 0.185559988
2246 0.1852287352
2247 0.1848980784
2248 0.1845680028
2249 0.1842385232
2250 0.1839096248
2251 0.1835813224
2252 0.1832536012
2253 0.1829264611
2254 0.1825999171
2255 0.1822739542
2256 0.1819485724
2257 0.1816237718
2258 0.1812995523
2259 0.1809758991
2260 0.180652827
2261 0.1803303361
2262 0.1800084263
2263 0.1796870828
2264 0.1793663204
2265 0.1790461242
2266 0.1787264943
2267 0.1784074455
2268 0.178088963
2269 0.1777710468
2270 0.1774536967
2271 0.1771369129
2272 0.1768206954
2273 0.1765050441
2274 0.176189959
2275 0.1758754402
2276 0.1755614728
2277 0.1752480716
2278 0.1749352217
2279 0.174622938
2280 0.1743112057
2281 0.1740000397
2282 0.173689425
2283 0.1733793616
2284 0.1730698496
2285 0.1727608889
2286 0.1724524796
2287 0.1721446216
2288 0.171837315
2289 0.1715305597
2290 0.1712243557
2291 0.1709186882
2292 0.170613572
2293 0.1703090072
2294 0.1700049788
2295 0.1697014868
2296 0.1693985462
2297 0.1690961421
2298 0.1687942743
2299 0.1684929579
2300 0.168192178
2301 0.1678919345
2302 0.1675922275
2303 0.1672930568
2304 0.1669944078
2305 0.1666962951
2306 0.166398719
2307 0.1661016643
2308 0.1658051461
2309 0.1655091643
2310 0.1652137041
2311 0.1649187654
2312 0.1646243632
2313 0.1643304825
2314 0.1640371233
2315 0.1637442857
2316 0.1634519696
2317 0.16316019
2318 0.162868917
2319 0.1625781655
2320 0.1622879356
2321 0.1619982272
2322 0.1617090404
2323 0.1614203602
2324 0.1611322016
2325 0.1608445495
2326 0.1605574191
2327 0.1602707952
2328 0.1599846929
2329 0.1596990973
2330 0.1594140083
2331 0.1591294259
2332 0.1588453501
2333 0.158561781
2334 0.1582787186
2335 0.1579961628
2336 0.1577141136
2337 0.1574325711
2338 0.1571515352
2339 0.156870991
2340 0.1565909535
2341 0.1563114077
2342 0.1560323685
2343 0.1557538211
2344 0.1554757804
2345 0.1551982313
2346 0.154921174
2347 0.1546446085
2348 0.1543685496
2349 0.1540929824
2350 0.153817907
2351 0.1535433233
2352 0.1532692313
2353 0.1529956162
2354 0.1527224928
2355 0.1524498612
2356 0.1521777213
2357 0.1519060582
2358 0.1516348869
2359 0.1513641924
2360 0.1510939896
2361 0.1508242637
2362 0.1505550146
2363 0.1502862573
2364 0.1500179768
2365 0.1497501731
2366 0.1494828463
2367 0.1492159963
2368 0.1489496231
2369 0.1486837268
2370 0.1484183073
2371 0.1481533647
2372 0.1478888839
2373 0.1476248801
2374 0.147361353
2375 0.1470982879
2376 0.1468356997
2377 0.1465735734
2378 0.1463119239
2379 0.1460507363
2380 0.1457900107
2381 0.145529747
2382 0.1452699602
2383 0.1450106353
2384 0.1447517723
2385 0.1444933712
2386 0.1442354321
2387 0.143977955
2388 0.1437209249
2389 0.1434643567
2390 0.1432082504
2391 0.1429526061
2392 0.1426974088
2393 0.1424426734
2394 0.1421883851
2395 0.1419345587
2396 0.1416811794
2397 0.141428262
2398 0.1411757916
2399 0.1409237683
2400 0.140672192
2401 0.1404210627
2402 0.1401703954
2403 0.1399201751
2404 0.1396704018
2405 0.1394210756
2406 0.1391721815
2407 0.1389237344
2408 0.1386757344
