1 -10
2 -10.25467682
3 -10.50776005
4 -10.7592268
5 -11.00905228
6 -11.25721645
7 -11.50364876
8 -11.74829006
9 -11.99111271
10 -12.23209572
11 -12.4712019
12 -12.70840073
13 -12.9436636
14 -13.17695713
15 -13.40824604
16 -13.63749981
17 -13.86467552
18 -14.0897398
19 -14.31265545
20 -14.53338146
21 -14.7518816
22 -14.96811485
23 -15.18203735
24 -15.39361191
25 -15.60279179
26 -15.80953598
27 -16.01379967
28 -16.21553612
29 -16.41470337
30 -16.61125374
31 -16.80514717
32 -16.99633217
33 -17.18477058
34 -17.37040901
35 -17.5532074
36 -17.73311806
37 -17.91010094
38 -18.08411026
39 -18.25510597
40 -18.42304611
41 -18.58789444
42 -18.74960709
43 -18.90814781
44 -19.06347656
45 -19.21557045
46 -19.36439514
47 -19.50992012
48 -19.65211868
49 -19.79096794
50 -19.92645645
51 -20.0585537
52 -20.18878365
53 -20.31902885
54 -20.44928932
55 -20.57956696
56 -20.70985794
57 -20.84016228
58 -20.97048187
59 -21.10081482
60 -21.23116112
61 -21.36152077
62 -21.49189377
63 -21.62227821
64 -21.75267601
65 -21.88308525
66 -22.01350594
67 -22.14393616
68 -22.27437782
69 -22.40482903
70 -22.53528976
71 -22.66575623
72 -22.79621887
73 -22.9266777
74 -23.05713463
75 -23.18758774
76 -23.31803703
77 -23.44848251
78 -23.57892227
79 -23.70935822
80 -23.83979034
81 -23.97021866
82 -24.10064316
83 -24.23106384
84 -24.36148071
85 -24.49189186
86 -24.62229919
87 -24.75270081
88 -24.8830986
89 -25.01349068
90 -25.14387894
91 -25.27426147
92 -25.4046402
93 -25.5350132
94 -25.66538048
95 -25.79574203
96 -25.92609978
97 -26.0564518
98 -26.1867981
99 -26.31713867
100 -26.44747353
101 -26.57780266
102 -26.70812607
103 -26.83844376
104 -26.96875381
105 -27.09905815
106 -27.22935677
107 -27.35964775
108 -27.48993301
109 -27.62021255
110 -27.75048447
111 -27.88074875
112 -28.01100731
113 -28.14125824
114 -28.27150345
115 -28.40174103
116 -28.53197098
117 -28.66219521
118 -28.7924118
119 -28.92262077
120 -29.05282211
121 -29.18301392
122 -29.31319809
123 -29.44337463
124 -29.57354355
125 -29.70370483
126 -29.83385849
127 -29.96400261
128 -30.09413719
129 -30.22426414
130 -30.35438347
131 -30.48449326
132 -30.61459541
133 -30.74468803
134 -30.87477112
135 -31.00484467
136 -31.13490868
137 -31.26496506
138 -31.3950119
139 -31.52504539
140 -31.65505791
141 -31.78505135
142 -31.9150238
143 -32.04497528
144 -32.17490768
145 -32.3048172
146 -32.43470764
147 -32.5645752
148 -32.69442368
149 -32.82424927
150 -32.95405197
151 -33.08383179
152 -33.21359253
153 -33.34333038
154 -33.47304535
155 -33.60273743
156 -33.73240662
157 -33.86205292
158 -33.99167252
159 -34.12126923
160 -34.25084305
161 -34.38039017
162 -34.5099144
163 -34.63941193
164 -34.76888275
165 -34.89833069
166 -35.02775192
167 -35.15715027
168 -35.28652191
169 -35.41586685
170 -35.54518509
171 -35.67447662
172 -35.80374146
173 -35.93297958
174 -36.06219482
175 -36.19137955
176 -36.32053757
177 -36.44966888
178 -36.57876968
179 -36.70784378
180 -36.83689117
181 -36.96591187
182 -37.09490204
183 -37.22386169
184 -37.35279465
185 -37.4817009
186 -37.61057281
187 -37.73941803
188 -37.86823654
189 -37.99702454
190 -38.12578201
191 -38.25451279
192 -38.38321304
193 -38.51188278
194 -38.640522
195 -38.76913452
196 -38.89771271
197 -39.02626038
198 -39.15477753
199 -39.28326416
200 -39.41171646
201 -39.54014206
202 -39.66853714
203 -39.79689789
204 -39.92522812
205 -40.05352783
206 -40.17967987
207 -40.30089569
208 -40.4174614
209 -40.52968216
210 -40.63781357
211 -40.74207306
212 -40.84267426
213 -40.93983078
214 -41.03371048
215 -41.12446213
216 -41.21224213
217 -41.29720688
218 -41.37948227
219 -41.45917511
220 -41.5363884
221 -41.61125565
222 -41.72811508
223 -41.82841492
224 -41.91340637
225 -41.98423004
226 -42.04195023
227 -42.08759308
228 -42.12208176
229 -42.14626694
230 -42.16094589
231 -42.16684341
232 -42.16461182
233 -42.15487289
234 -42.13818741
235 -42.11505127
236 -42.08594131
237 -42.05147552
238 -42.01730347
239 -41.98342133
240 -41.94981766
241 -41.91649628
242 -41.88344574
243 -41.85065079
244 -41.81811142
245 -41.78582001
246 -41.75375748
247 -41.72193527
248 -41.69033432
249 -41.65895844
250 -41.62779999
251 -41.59685135
252 -41.56611633
253 -41.53559494
254 -41.50527954
255 -41.47517776
256 -41.44527817
257 -41.41557693
258 -41.38607025
259 -41.3567543
260 -41.3276329
261 -41.29870605
262 -41.26996231
263 -41.24140549
264 -41.21303177
265 -41.18483353
266 -41.15661621
267 -41.12784195
268 -41.09852982
269 -41.06869888
270 -41.03836441
271 -41.00754929
272 -40.9762764
273 -40.94456482
274 -40.91243362
275 -40.87989807
276 -40.84697342
277 -40.81401825
278 -40.78122711
279 -40.74860382
280 -40.71613693
281 -40.68382645
282 -40.65166473
283 -40.61964798
284 -40.58777618
285 -40.55604172
286 -40.52444839
287 -40.49298859
288 -40.46166229
289 -40.43046951
290 -40.39941025
291 -40.36846924
292 -40.33765411
293 -40.30696106
294 -40.27638626
295 -40.24592972
296 -40.21557999
297 -40.18533325
298 -40.15518951
299 -40.12515259
300 -40.09522247
301 -40.06539536
302 -40.03565979
303 -40.00601196
304 -39.97645187
305 -39.94619751
306 -39.91503906
307 -39.8829689
308 -39.84996796
309 -39.81601715
310 -39.78110886
311 -39.74523544
312 -39.70838165
313 -39.67053604
314 -39.63167191
315 -39.59178162
316 -39.55085754
317 -39.50888443
318 -39.46585464
319 -39.42174911
320 -39.37655258
321 -39.3302536
322 -39.28284073
323 -39.23430252
324 -39.18462753
325 -39.13378906
326 -39.08177948
327 -39.02858353
328 -38.97419357
329 -38.91859818
330 -38.86178589
331 -38.80373383
332 -38.74442673
333 -38.68385315
334 -38.62200546
335 -38.55887222
336 -38.49444199
337 -38.42869186
338 -38.36161041
339 -38.29318619
340 -38.22341156
341 -38.15227127
342 -38.07975006
343 -38.00583649
344 -37.9305191
345 -37.85378647
346 -37.77562714
347 -37.69602966
348 -37.61497879
349 -37.53246307
350 -37.44846725
351 -37.3629837
352 -37.27600479
353 -37.18752289
354 -37.09752274
355 -37.00598526
356 -36.91290283
357 -36.81826782
358 -36.7220726
359 -36.62431335
360 -36.52497101
361 -36.42402649
362 -36.3214798
363 -36.2173233
364 -36.11154938
365 -36.00415039
366 -35.89511108
367 -35.7844162
368 -35.67206955
369 -35.55805588
370 -35.44237137
371 -35.32500839
372 -35.20596313
373 -35.08521652
374 -34.96276093
375 -34.83858871
376 -34.71269989
377 -34.58509064
378 -34.45575714
379 -34.32476044
380 -34.19214249
381 -34.05794525
382 -33.92221069
383 -33.78499222
384 -33.64632034
385 -33.5062294
386 -33.36476135
387 -33.22195435
388 -33.07783508
389 -32.9324379
390 -32.78580475
391 -32.63795853
392 -32.48892212
393 -32.33873367
394 -32.18741608
395 -32.03499985
396 -31.88150406
397 -31.72695923
398 -31.57139397
399 -31.41481972
400 -31.25725937
401 -31.09874153
402 -30.93928528
403 -30.77890778
404 -30.61762619
405 -30.45546722
406 -30.29244423
407 -30.12857056
408 -29.96386147
409 -29.79834175
410 -29.63202286
411 -29.46492004
412 -29.29702377
413 -29.12826157
414 -28.95863914
415 -28.78816605
416 -28.6168499
417 -28.44470406
418 -28.27173615
419 -28.09795761
420 -27.92336845
421 -27.74798393
422 -27.57181358
423 -27.39485931
424 -27.21712875
425 -27.03863525
426 -26.85938454
427 -26.67938232
428 -26.49863815
429 -26.31715393
430 -26.1349411
431 -25.9520092
432 -25.76836014
433 -25.58399963
434 -25.39893723
435 -25.21318436
436 -25.02674103
437 -24.83961105
438 -24.65180397
439 -24.46332741
440 -24.27418709
441 -24.08438873
442 -23.89393616
443 -23.70283318
444 -23.51109314
445 -23.31872177
446 -23.12571716
447 -22.93208694
448 -22.73783493
449 -22.54297447
450 -22.34750557
451 -22.15143394
452 -21.95476723
453 -21.75750542
454 -21.55965996
455 -21.36123466
456 -21.16223335
457 -20.96265984
458 -20.76251984
459 -20.56181717
460 -20.36056519
461 -20.15876198
462 -19.95641327
463 -19.82608414
464 -19.6931324
465 -19.55763817
466 -19.41966248
467 -19.27925491
468 -19.13651276
469 -18.99148369
470 -18.84423447
471 -18.69485092
472 -18.543396
473 -18.38993835
474 -18.23454666
475 -18.07728386
476 -17.91822815
477 -17.75744247
478 -17.59498787
479 -17.43093681
480 -17.26534081
481 -17.09827614
482 -16.92979622
483 -16.75995827
484 -16.58882713
485 -16.41644287
486 -16.24288177
487 -16.06818199
488 -15.89240551
489 -15.71559525
490 -15.53779793
491 -15.35906887
492 -15.17944717
493 -14.99898243
494 -14.81876659
495 -14.63932323
496 -14.46062946
497 -14.28268528
498 -14.10547066
499 -13.92898273
500 -13.75321007
501 -13.5781374
502 -13.40376472
503 -13.23006821
504 -13.05705166
505 -12.88469315
506 -12.7129879
507 -12.54193115
508 -12.37150955
509 -12.20172215
510 -12.03255272
511 -11.86399841
512 -11.69604492
513 -11.52868462
514 -11.36184025
515 -11.19545364
516 -11.02952099
517 -10.86401653
518 -10.69889259
519 -10.53325653
520 -10.36709785
521 -10.20042038
522 -10.03322411
523 -9.865509033
524 -9.697282791
525 -9.528548241
526 -9.359305382
527 -9.189562798
528 -9.019320488
529 -8.848577499
530 -8.677342415
531 -8.505616188
532 -8.333402634
533 -8.160709381
534 -7.987537861
535 -7.813891888
536 -7.639779568
537 -7.465202808
538 -7.290165424
539 -7.114675045
540 -6.938714504
541 -6.762273788
542 -6.585361481
543 -6.407980442
544 -6.230139732
545 -6.051848888
546 -5.873113155
547 -5.693945408
548 -5.514352798
549 -5.334341526
550 -5.153926373
551 -4.973114967
552 -4.791914463
553 -4.610340595
554 -4.428401947
555 -4.246109009
556 -4.063474178
557 -3.880508661
558 -3.697224379
559 -3.513635159
560 -3.329749584
561 -3.145585775
562 -2.961154222
563 -2.77646637
564 -2.591540098
565 -2.406386375
566 -2.22101903
567 -2.035453081
568 -1.849699616
569 -1.663778543
570 -1.477703333
571 -1.291486144
572 -1.105147958
573 -0.9187010527
574 -0.7321614623
575 -0.5455458164
576 -0.3588694036
577 -0.1721505523
578 0.014595869
579 0.2011617422
580 0.3852541447
581 0.5669276118
582 0.7462468147
583 0.9232571721
584 1.098010778
585 1.270570517
586 1.440971375
587 1.609271526
588 1.775515914
589 1.939737558
590 2.10199976
591 2.262334585
592 2.420771837
593 2.577374458
594 2.73216939
595 2.885183334
596 3.036474466
597 3.186071396
598 3.333991766
599 3.480289698
600 3.62499547
601 3.768122196
602 3.909718037
603 4.049810886
604 4.188420773
605 4.325579166
606 4.461316109
607 4.595656872
608 4.728621483
609 4.860240459
610 4.99053669
611 5.119531631
612 5.247251034
613 5.373714924
614 5.498943806
615 5.622962952
616 5.745790482
617 5.867443085
618 5.987939358
619 6.10730648
620 6.225557804
621 6.342707157
622 6.458771706
623 6.573779583
624 6.687741756
625 6.80066824
626 6.912573338
627 7.023483276
628 7.133409977
629 7.242361546
630 7.350336552
631 7.457353115
632 7.563421249
633 7.668545723
634 7.772732258
635 7.875991821
636 7.978339195
637 8.079781532
638 8.180319786
639 8.279959679
640 8.37871933
641 8.476603508
642 8.573619843
643 8.669769287
644 8.765060425
645 8.859505653
646 8.953109741
647 9.04587841
648 9.137814522
649 9.228925705
650 9.319221497
651 9.408706665
652 9.497385979
653 9.585264206
654 9.672346115
655 9.758639336
656 9.844150543
657 9.928882599
658 10.01283932
659 10.09602547
660 10.17844868
661 10.26011276
662 10.34102154
663 10.42117786
664 10.50074673
665 10.57977676
666 10.65827084
667 10.73622608
668 10.8136425
669 10.890522
670 10.96686745
671 11.04268265
672 11.11796761
673 11.19272137
674 11.26694202
675 11.34063148
676 11.41378784
677 11.48641491
678 11.55851364
679 11.63008404
680 11.70112514
681 11.77163696
682 11.84161472
683 11.91106033
684 11.97997284
685 12.04835033
686 12.1161871
687 12.18348026
688 12.25022888
689 12.316432
690 12.38209057
691 12.44720078
692 12.51176167
693 12.57576847
694 12.63921928
695 12.70210838
696 12.76443291
697 12.82619476
698 12.887393
699 12.9480257
700 13.00808907
701 13.06758118
702 13.12649727
703 13.18483257
704 13.24258232
705 13.29975033
706 13.35633469
707 13.41233158
708 13.46774006
709 13.5225544
710 13.57677174
711 13.6303854
712 13.68339443
713 13.73579884
714 13.7875967
715 13.83878326
716 13.88935566
717 13.93931103
718 13.98864746
719 14.0373621
720 14.08544731
721 14.13289928
722 14.17971897
723 14.22590351
724 14.27145004
725 14.31635666
726 14.36061954
727 14.40423584
728 14.44719696
729 14.48950005
730 14.53114319
731 14.57212257
732 14.61243725
733 14.6520834
734 14.69106007
735 14.72936344
736 14.76698685
737 14.80392742
738 14.84018135
739 14.87574577
740 14.91061687
741 14.94479084
742 14.97826385
743 15.0110321
744 15.04309082
745 15.07443905
746 15.10507393
747 15.13499165
748 15.16418934
749 15.19266415
750 15.2204113
751 15.24742508
752 15.27370071
753 15.29923439
754 15.32402325
755 15.34806442
756 15.37135506
757 15.39389324
758 15.41567516
759 15.43669319
760 15.45694351
761 15.47642231
762 15.49512863
763 15.51306057
764 15.53021431
765 15.54658699
766 15.56217289
767 15.57696724
768 15.59096622
769 15.60416794
770 15.61656857
771 15.6281662
772 15.63895798
773 15.64894009
774 15.65810394
775 15.66644669
776 15.67396641
777 15.68066025
778 15.6865263
779 15.6915617
780 15.69576359
781 15.69912624
782 15.70164585
783 15.70331955
784 15.70414543
785 15.70412159
786 15.70324516
787 15.7015152
788 15.69892693
789 15.69547272
790 15.69115162
791 15.68596077
792 15.67989922
793 15.67296505
794 15.66515636
795 15.65647221
796 15.64690495
797 15.63645267
798 15.62511349
799 15.61288643
800 15.59977055
801 15.58576488
802 15.57086754
803 15.55507278
804 15.53837585
805 15.52077579
806 15.50227261
807 15.48286438
808 15.46255016
809 15.44132996
810 15.41920471
811 15.39616776
812 15.37221909
813 15.3473587
814 15.32158566
815 15.29490185
816 15.26730633
817 15.23880005
818 15.2093792
819 15.179039
820 15.14777946
821 15.11559963
822 15.08250046
823 15.04848289
824 15.0135479
825 14.97769642
826 14.94092655
827 14.9032383
828 14.86463451
829 14.82511711
830 14.78468704
831 14.74334431
832 14.70108986
833 14.65792465
834 14.61384296
835 14.56884575
836 14.52293777
837 14.4761219
838 14.42840195
839 14.37978268
840 14.33026314
841 14.27984524
842 14.22852421
843 14.17630577
844 14.12319279
845 14.06918716
846 14.01429558
847 13.9585247
848 13.90187359
849 13.84434605
850 13.78593922
851 13.72665501
852 13.66649818
853 13.60547352
854 13.54358768
855 13.48084354
856 13.41724682
857 13.35280037
858 13.28750896
859 13.22137165
860 13.15439701
861 13.08658695
862 13.01794815
863 12.94848633
864 12.87821007
865 12.80712318
866 12.73523331
867 12.66253567
868 12.58903503
869 12.51473904
870 12.43965816
871 12.36379719
872 12.28715801
873 12.20974636
874 12.13157463
875 12.05265045
876 11.97319317
877 11.89360523
878 11.81388664
879 11.73404312
880 11.65408516
881 11.57401752
882 11.49384212
883 11.41355801
884 11.33316898
885 11.25268269
886 11.17210865
887 11.09145164
888 11.01070976
889 10.92988682
890 10.84898663
891 10.76801872
892 10.68698406
893 10.60588074
894 10.52471256
895 10.44348145
896 10.36219311
897 10.28085613
898 10.19947052
899 10.11803913
900 10.03656673
901 9.955057144
902 9.873513222
903 9.791936874
904 9.710331917
905 9.628702164
906 9.547052383
907 9.465378761
908 9.383690834
909 9.301995277
910 9.220295906
911 9.138595581
912 9.056891441
913 8.975187302
914 8.893489838
915 8.811803818
916 8.730131149
917 8.648467064
918 8.566813469
919 8.485178947
920 8.403567314
921 8.321986198
922 8.240430832
923 8.158904076
924 8.077411652
925 7.995961189
926 7.91455555
927 7.833189487
928 7.751866341
929 7.670589447
930 7.589366436
931 7.508201122
932 7.427088261
933 7.346032143
934 7.265036106
935 7.184104443
936 7.103246689
937 7.022459507
938 6.941745281
939 6.861107826
940 6.78055048
941 6.700077057
942 6.61968708
943 6.539382935
944 6.459167004
945 6.379043102
946 6.299011707
947 6.219074726
948 6.139235973
949 6.059499264
950 5.979867458
951 5.900341034
952 5.820917606
953 5.74160862
954 5.662417889
955 5.583348274
956 5.50440073
957 5.425571442
958 5.346866131
959 5.268292427
960 5.189852715
961 5.111549377
962 5.033377647
963 4.955340862
964 4.877445698
965 4.799697876
966 4.722100735
967 4.644649029
968 4.567345142
969 4.49019289
970 4.413199902
971 4.336370945
972 4.259702206
973 4.183195114
974 4.106853485
975 4.030679703
976 3.954684734
977 3.878868103
978 3.803229094
979 3.727770805
980 3.652496815
981 3.577409744
982 3.502516031
983 3.427814484
984 3.353307247
985 3.278997183
986 3.204887629
987 3.130981445
988 3.057279348
989 2.983786345
990 2.910503149
991 2.837365866
992 2.764378309
993 2.691544294
994 2.61887145
995 2.546367407
996 2.474036217
997 2.401881456
998 2.329906464
999 2.258115292
1000 2.186513186
1001 2.115110397
1002 2.043910742
1003 1.972918272
1004 1.902136564
1005 1.832589507
1006 1.76493454
1007 1.699151874
1008 1.635233998
1009 1.57316196
1010 1.512911558
1011 1.454457283
1012 1.397784591
1013 1.342868686
1014 1.289680243
1015 1.238189101
1016 1.188367724
1017 1.140195966
1018 1.093640566
1019 1.048667669
1020 1.005242944
1021 0.9633315206
1022 0.9229085445
1023 0.8839389682
1024 0.8463864923
1025 0.8102144599
1026 0.7753862143
1027 0.7418651581
1028 0.7096174955
1029 0.678614974
1030 0.6488206387
1031 0.6201978922
1032 0.5927104354
1033 0.5663224459
1034 0.5409983993
1035 0.5167034268
1036 0.4934030771
1037 0.4710655212
1038 0.4496622682
1039 0.4291602075
1040 0.409526974
1041 0.3907308578
1042 0.3727409542
1043 0.3555270731
1044 0.3390597701
1045 0.323310405
1046 0.3082511425
1047 0.2938549221
1048 0.2800954878
1049 0.2669473588
1050 0.2543858588
1051 0.2423870862
1052 0.2309308648
1053 0.2199961841
1054 0.2095610797
1055 0.1996043622
1056 0.1901055723
1057 0.1810450405
1058 0.1724037826
1059 0.1641635299
1060 0.1563067138
1061 0.1488164365
1062 0.1416764706
1063 0.1348712295
1064 0.1283857226
1065 0.1222056001
1066 0.1163170636
1067 0.1107069105
1068 0.1053624824
1069 0.1002716348
1070 0.09542274475
1071 0.09080468863
1072 0.08640681952
1073 0.08221893758
1074 0.07823131233
1075 0.07443460822
1076 0.07081992924
1077 0.06737875193
1078 0.06410293281
1079 0.06098471209
1080 0.05801665783
1081 0.05519167706
1082 0.0525030084
1083 0.04994418472
1084 0.04750904813
1085 0.0451917164
1086 0.04298657924
1087 0.0408882834
1088 0.03889172524
1089 0.03699203208
1090 0.03518456966
1091 0.0334649086
1092 0.03182883188
1093 0.03027232364
1094 0.02879155241
1095 0.02738287486
1096 0.02604280598
1097 0.02476803027
1098 0.02355540544
1099 0.02240191773
1100 0.02130470611
1101 0.02026104555
1102 0.01926834323
1103 0.01832411997
1104 0.01742603071
1105 0.01657183282
1106 0.01575939171
1107 0.01498668082
1108 0.01425176393
1109 0.01355279982
1110 0.01288804226
1111 0.01225582231
1112 0.01165455114
1113 0.01108272374
1114 0.01053890213
1115 0.01002171915
1116 0.009529873729
1117 0.009062129073
1118 0.008617313579
1119 0.008194294758
1120 0.007792013232
1121 0.007409455255
1122 0.007045662962
1123 0.006699709687
1124 0.006370724179
1125 0.006057879422
1126 0.005760385189
1127 0.005477485713
1128 0.005208465271
1129 0.004952646326
1130 0.00470938487
1131 0.004478058778
1132 0.004258089699
1133 0.004048921168
1134 0.0038500214
1135 0.003660887014
1136 0.003481039312
1137 0.003310021479
1138 0.00314740208
1139 0.002992767608
1140 0.0028457304
1141 0.002705914667
1142 0.002572966972
1143 0.002446545754
1144 0.002326335059
1145 0.002212027786
1146 0.002103336155
1147 0.001999984495
1148 0.001901709707
1149 0.001808264409
1150 0.001719410531
1151 0.001634919434
1152 0.00155458122
1153 0.001478189253
1154 0.001405552262
1155 0.001336482354
1156 0.001270807232
1157 0.001208360773
1158 0.001148983254
1159 0.001092517981
1160 0.001038830145
1161 0.0009877819102
1162 0.0009392416687
1163 0.0008930871845
1164 0.0008492025081
1165 0.0008074747748
1166 0.0007677974645
1167 0.0007300702273
1168 0.0006941990578
1169 0.0006600898923
1170 0.0006276550121
1171 0.0005968160112
1172 0.0005674913991
1173 0.0005396091146
1174 0.0005130969803
1175 0.0004878892214
1176 0.000463919976
1177 0.0004411296977
1178 0.0004194587818
1179 0.0003988539684
1180 0.000379258825
1181 0.0003606263199
1182 0.0003429094213
1183 0.0003260610974
1184 0.0003100406029
1185 0.0002948040201
1186 0.0002803168609
1187 0.0002665415232
1188 0.0002534403757
1189 0.0002409820445
1190 0.0002291351848
1191 0.0002178684517
1192 0.0002071567433
1193 0.0001969687146
1194 0.0001872824214
1195 0.000178069633
1196 0.0001693115482
1197 0.0001609830651
1198 0.0001530622394
1199 0.0001455302699
1200 0.0001383683266
1201 0.0001315576083
1202 0.000125082428
1203 0.0001189239701
1204 0.0001130665551
1205 0.000107497639
1206 0.0001022015495
1207 9.716574277e-05
1208 9.23776679e-05
1209 8.782478835e-05
1210 8.349456039e-05
1211 7.937757618e-05
1212 7.5461292e-05
1213 7.173630001e-05
1214 6.819632836e-05
1215 6.482883327e-05
1216 6.162754289e-05
1217 5.858305303e-05
1218 5.568908819e-05
1219 5.293624054e-05
1220 5.031823821e-05
1221 4.782881297e-05
1222 4.54616893e-05
1223 4.321373126e-05
1224 4.107553468e-05
1225 3.904395999e-05
1226 3.71127353e-05
1227 3.527872832e-05
1228 3.35325276e-05
1229 3.187413313e-05
1230 3.029727668e-05
1231 2.879881868e-05
1232 2.7375625e-05
1233 2.602142195e-05
1234 2.473621134e-05
1235 2.351372132e-05
1236 2.235081411e-05
1237 2.124435559e-05
1238 2.019434396e-05
1239 1.919764509e-05
1240 1.824798528e-05
1241 1.734536636e-05
1242 1.648665057e-05
1243 1.567183972e-05
1244 1.489779697e-05
1245 1.416138548e-05
1246 1.346260615e-05
1247 1.279832304e-05
1248 1.216540022e-05
1249 1.156383769e-05
1250 1.099363453e-05
1251 1.045165573e-05
1252 9.93476533e-06
1253 9.442962437e-06
1254 8.976247955e-06
1255 8.534620974e-06
1256 8.114946468e-06
1257 7.714087587e-06
1258 7.332045243e-06
1259 6.96881898e-06
1260 6.624408798e-06
1261 6.298814696e-06
1262 5.988900739e-06
1263 5.69466647e-06
1264 5.412976407e-06
1265 5.146966487e-06
1266 4.893500318e-06
1267 4.652578355e-06
1268 4.424200597e-06
1269 4.205230653e-06
1270 3.998804914e-06
1271 3.801787216e-06
1272 3.614177558e-06
1273 3.435975941e-06
1274 3.267182365e-06
1275 3.107796829e-06
1276 2.954683396e-06
1277 2.810978003e-06
1278 2.673544486e-06
1279 2.542383072e-06
1280 2.417493761e-06
1281 2.298876325e-06
1282 2.186530992e-06
1283 2.080457762e-06
1284 1.977520469e-06
1285 1.880855166e-06
1286 1.790461965e-06
1287 1.703204703e-06
1288 1.619083491e-06
1289 1.541234269e-06
1290 1.466521098e-06
1291 1.394943979e-06
1292 1.326502911e-06
1293 1.261197781e-06
1294 1.199028702e-06
1295 1.139995675e-06
1296 1.084098585e-06
1297 1.031337547e-06
1298 9.817125601e-07
1299 9.352235679e-07
1300 8.887345757e-07
1301 8.453815781e-07
1302 8.051646319e-07
1303 7.649476856e-07
1304 7.27866734e-07
1305 6.939217769e-07
1306 6.599768199e-07
1307 6.291679142e-07
1308 5.983590086e-07
1309 5.706860975e-07
1310 5.430131864e-07
1311 5.184763268e-07
1312 4.939394671e-07
1313 4.69402579e-07
1314 4.480017139e-07
1315 4.266008489e-07
1316 4.051999838e-07
1317 3.869351417e-07
1318 3.686702996e-07
1319 3.504054575e-07
1320 3.3527661e-07
1321 3.201477625e-07
1322 3.05018915e-07
1323 2.898900675e-07
1324 2.77897243e-07
1325 2.659044185e-07
1326 2.53911594e-07
1327 2.419187695e-07
1328 2.29925945e-07
1329 2.210691434e-07
1330 2.122123419e-07
1331 2.033555404e-07
1332 1.944987389e-07
1333 1.856419374e-07
1334 1.767851359e-07
1335 1.679283343e-07
1336 1.622075558e-07
1337 1.564867773e-07
1338 1.507659988e-07
1339 1.450452203e-07
1340 1.393244418e-07
1341 1.336036632e-07
1342 1.278828847e-07
1343 1.221621062e-07
1344 1.164413206e-07
1345 1.10720535e-07
1346 1.049997493e-07
1347 1.024149867e-07
1348 9.983022409e-08
1349 9.724546146e-08
1350 9.466069884e-08
1351 9.207593621e-08
1352 8.949117358e-08
1353 8.690641096e-08
1354 8.432164833e-08
1355 8.17368857e-08
1356 7.915212308e-08
1357 7.656736045e-08
1358 7.398259783e-08
1359 7.13978352e-08
1360 6.881307257e-08
1361 6.622830995e-08
1362 6.364354732e-08
1363 6.105878469e-08
1364 5.847401852e-08
1365 5.588925234e-08
1366 5.330448616e-08
1367 5.071971998e-08
1368 4.81349538e-08
1369 4.555018762e-08
1370 4.296542144e-08
1371 4.351667471e-08
1372 4.406792797e-08
1373 4.148316179e-08
1374 4.203441506e-08
1375 4.258566833e-08
1376 4.313692159e-08
1377 4.368817486e-08
1378 4.423942812e-08
1379 4.165466194e-08
1380 4.220591521e-08
1381 4.275716847e-08
1382 4.330842174e-08
1383 4.3859675e-08
1384 4.441092827e-08
1385 4.182616209e-08
1386 4.237741535e-08
1387 4.292866862e-08
1388 4.347992189e-08
1389 4.403117515e-08
1390 4.458242842e-08
1391 4.199766224e-08
1392 4.25489155e-08
1393 4.310016877e-08
1394 4.365142203e-08
1395 4.42026753e-08
1396 4.161790912e-08
1397 4.216916238e-08
1398 4.272041565e-08
1399 4.327166891e-08
1400 4.382292218e-08
1401 4.437417545e-08
1402 4.178940927e-08
1403 4.234066253e-08
1404 4.28919158e-08
1405 4.344316906e-08
1406 4.399442233e-08
1407 4.454567559e-08
1408 4.196090941e-08
1409 4.251216268e-08
1410 4.306341594e-08
1411 4.361466921e-08
1412 4.416592247e-08
1413 4.15811563e-08
1414 4.213240956e-08
1415 4.268366283e-08
1416 4.323491609e-08
1417 4.378616936e-08
1418 4.433742262e-08
1419 4.175265644e-08
1420 4.230390971e-08
1421 4.285516297e-08
1422 4.340641624e-08
1423 4.39576695e-08
1424 4.450892277e-08
1425 4.192415659e-08
1426 4.247540986e-08
1427 4.302666312e-08
1428 4.357791639e-08
1429 4.412916965e-08
1430 4.154440347e-08
1431 4.209565674e-08
1432 4.264691e-08
1433 4.319816327e-08
1434 4.374941653e-08
1435 4.43006698e-08
1436 4.171590362e-08
1437 4.226715689e-08
1438 4.281841015e-08
1439 4.336966342e-08
1440 4.392091668e-08
1441 4.447216995e-08
1442 4.188740377e-08
1443 4.243865703e-08
1444 4.29899103e-08
1445 4.354116356e-08
1446 4.409241683e-08
1447 4.150765065e-08
1448 4.205890392e-08
1449 4.261015718e-08
1450 4.316141045e-08
1451 4.371266371e-08
1452 4.426391698e-08
1453 4.16791508e-08
1454 4.223040406e-08
1455 4.278165733e-08
1456 4.333291059e-08
1457 4.388416386e-08
1458 4.443541712e-08
1459 4.185065094e-08
1460 4.240190421e-08
1461 4.295315748e-08
1462 4.350441074e-08
1463 4.405566401e-08
1464 4.147089783e-08
1465 4.202215109e-08
1466 4.257340436e-08
1467 4.312465762e-08
1468 4.367591089e-08
1469 4.422716415e-08
1470 4.164239797e-08
1471 4.219365124e-08
1472 4.27449045e-08
1473 4.329615777e-08
1474 4.384741104e-08
1475 4.43986643e-08
1476 4.181389812e-08
1477 4.236515139e-08
1478 4.291640465e-08
1479 4.346765792e-08
1480 4.401891118e-08
1481 4.457016445e-08
1482 4.198539827e-08
1483 4.253665153e-08
1484 4.30879048e-08
1485 4.363915806e-08
1486 4.419041133e-08
1487 4.160564515e-08
1488 4.215689842e-08
1489 4.270815168e-08
1490 4.325940495e-08
1491 4.381065821e-08
1492 4.436191148e-08
1493 4.17771453e-08
1494 4.232839856e-08
1495 4.287965183e-08
1496 4.343090509e-08
1497 4.398215836e-08
1498 4.453341163e-08
1499 4.194864545e-08
1500 4.249989871e-08
1501 4.305115198e-08
1502 4.360240524e-08
1503 4.415365851e-08
1504 4.156889233e-08
1505 4.212014559e-08
1506 4.267139886e-08
1507 4.322265212e-08
1508 4.377390539e-08
1509 4.432515865e-08
1510 4.174039248e-08
1511 4.229164574e-08
1512 4.284289901e-08
1513 4.339415227e-08
1514 4.394540554e-08
1515 4.44966588e-08
1516 4.191189262e-08
1517 4.246314589e-08
1518 4.301439915e-08
1519 4.356565242e-08
1520 4.411690568e-08
1521 4.153213951e-08
1522 4.208339277e-08
1523 4.263464604e-08
1524 4.31858993e-08
1525 4.373715257e-08
1526 4.428840583e-08
1527 4.170363965e-08
1528 4.225489292e-08
1529 4.280614618e-08
1530 4.335739945e-08
1531 4.390865271e-08
1532 4.445990598e-08
1533 4.18751398e-08
1534 4.242639307e-08
1535 4.297764633e-08
1536 4.35288996e-08
1537 4.408015286e-08
1538 4.149538668e-08
1539 4.204663995e-08
1540 4.259789321e-08
1541 4.314914648e-08
1542 4.370039974e-08
1543 4.425165301e-08
1544 4.166688683e-08
1545 4.221814009e-08
1546 4.276939336e-08
1547 4.332064663e-08
1548 4.387189989e-08
1549 4.442315316e-08
1550 4.183838698e-08
1551 4.238964024e-08
1552 4.294089351e-08
1553 4.349214677e-08
1554 4.404340004e-08
1555 4.145863386e-08
1556 4.200988712e-08
1557 4.256114039e-08
1558 4.311239366e-08
1559 4.366364692e-08
1560 4.421490019e-08
1561 4.163013401e-08
1562 4.218138727e-08
1563 4.273264054e-08
1564 4.32838938e-08
1565 4.383514707e-08
1566 4.438640033e-08
1567 4.180163415e-08
1568 4.235288742e-08
1569 4.290414068e-08
1570 4.345539395e-08
1571 4.400664722e-08
1572 4.455790048e-08
1573 4.19731343e-08
1574 4.252438757e-08
1575 4.307564083e-08
1576 4.36268941e-08
1577 4.417814736e-08
1578 4.159338118e-08
1579 4.214463445e-08
1580 4.269588771e-08
1581 4.324714098e-08
1582 4.379839424e-08
1583 4.434964751e-08
1584 4.176488133e-08
1585 4.23161346e-08
1586 4.286738786e-08
1587 4.341864113e-08
1588 4.396989439e-08
1589 4.452114766e-08
1590 4.193638148e-08
1591 4.248763474e-08
1592 4.303888801e-08
1593 4.359014127e-08
1594 4.414139454e-08
1595 4.155662836e-08
1596 4.210788163e-08
1597 4.265913489e-08
1598 4.321038816e-08
1599 4.376164142e-08
1600 4.431289469e-08
1601 4.172812851e-08
1602 4.227938177e-08
1603 4.283063504e-08
1604 4.33818883e-08
1605 4.393314157e-08
1606 4.448439483e-08
1607 4.189962866e-08
1608 4.245088192e-08
1609 4.300213519e-08
1610 4.355338845e-08
1611 4.410464172e-08
1612 4.151987554e-08
1613 4.20711288e-08
1614 4.262238207e-08
1615 4.317363533e-08
1616 4.37248886e-08
1617 4.427614186e-08
1618 4.169137569e-08
1619 4.224262895e-08
1620 4.279388222e-08
1621 4.334513548e-08
1622 4.389638875e-08
1623 4.444764201e-08
1624 4.186287583e-08
1625 4.24141291e-08
1626 4.296538236e-08
1627 4.351663563e-08
1628 4.406788889e-08
1629 4.148312271e-08
1630 4.203437598e-08
1631 4.258562925e-08
1632 4.313688251e-08
1633 4.368813578e-08
1634 4.423938904e-08
1635 4.165462286e-08
1636 4.220587613e-08
1637 4.275712939e-08
1638 4.330838266e-08
1639 4.385963592e-08
1640 4.441088919e-08
1641 4.182612301e-08
1642 4.237737627e-08
1643 4.292862954e-08
1644 4.347988281e-08
1645 4.403113607e-08
1646 4.458238934e-08
1647 4.199762316e-08
1648 4.254887642e-08
1649 4.310012969e-08
1650 4.365138295e-08
1651 4.420263622e-08
1652 4.161787004e-08
1653 4.21691233e-08
1654 4.272037657e-08
1655 4.327162983e-08
1656 4.38228831e-08
1657 4.437413637e-08
1658 4.178937019e-08
1659 4.234062345e-08
1660 4.289187672e-08
1661 4.344312998e-08
1662 4.399438325e-08
1663 4.454563651e-08
1664 4.196087033e-08
1665 4.25121236e-08
1666 4.306337686e-08
1667 4.361463013e-08
1668 4.416588339e-08
1669 4.158111722e-08
1670 4.213237048e-08
1671 4.268362375e-08
1672 4.323487701e-08
1673 4.378613028e-08
1674 4.433738354e-08
1675 4.175261736e-08
1676 4.230387063e-08
1677 4.285512389e-08
1678 4.340637716e-08
1679 4.395763042e-08
1680 4.450888369e-08
1681 4.192411751e-08
1682 4.247537078e-08
1683 4.302662404e-08
1684 4.357787731e-08
1685 4.412913057e-08
1686 4.154436439e-08
1687 4.209561766e-08
1688 4.264687092e-08
1689 4.319812419e-08
1690 4.374937745e-08
1691 4.430063072e-08
1692 4.171586454e-08
1693 4.226711781e-08
1694 4.281837107e-08
1695 4.336962434e-08
1696 4.39208776e-08
1697 4.447213087e-08
1698 4.188736469e-08
1699 4.243861795e-08
1700 4.298987122e-08
1701 4.354112448e-08
1702 4.409237775e-08
1703 4.150761157e-08
1704 4.205886484e-08
1705 4.26101181e-08
1706 4.316137137e-08
1707 4.371262463e-08
1708 4.42638779e-08
1709 4.167911172e-08
1710 4.223036498e-08
1711 4.278161825e-08
1712 4.333287151e-08
1713 4.388412478e-08
1714 4.443537804e-08
1715 4.185061186e-08
1716 4.240186513e-08
1717 4.29531184e-08
1718 4.350437166e-08
1719 4.405562493e-08
1720 4.147085875e-08
1721 4.202211201e-08
1722 4.257336528e-08
1723 4.312461854e-08
1724 4.367587181e-08
1725 4.422712507e-08
1726 4.164235889e-08
1727 4.219361216e-08
1728 4.274486542e-08
1729 4.329611869e-08
1730 4.384737196e-08
1731 4.439862522e-08
1732 4.181385904e-08
1733 4.236511231e-08
1734 4.291636557e-08
1735 4.346761884e-08
1736 4.40188721e-08
1737 4.457012537e-08
1738 4.198535919e-08
1739 4.253661245e-08
1740 4.308786572e-08
1741 4.363911899e-08
1742 4.419037225e-08
1743 4.160560607e-08
1744 4.215685934e-08
1745 4.27081126e-08
1746 4.325936587e-08
1747 4.381061913e-08
1748 4.43618724e-08
1749 4.177710622e-08
1750 4.232835948e-08
1751 4.287961275e-08
1752 4.343086601e-08
1753 4.398211928e-08
1754 4.453337255e-08
1755 4.194860637e-08
1756 4.249985963e-08
1757 4.30511129e-08
1758 4.360236616e-08
1759 4.415361943e-08
1760 4.156885325e-08
1761 4.212010651e-08
1762 4.267135978e-08
1763 4.322261304e-08
1764 4.377386631e-08
1765 4.432511957e-08
1766 4.17403534e-08
1767 4.229160666e-08
1768 4.284285993e-08
1769 4.339411319e-08
1770 4.394536646e-08
1771 4.449661972e-08
1772 4.191185354e-08
1773 4.246310681e-08
1774 4.301436007e-08
1775 4.356561334e-08
1776 4.41168666e-08
1777 4.153210043e-08
1778 4.208335369e-08
1779 4.263460696e-08
1780 4.318586022e-08
1781 4.373711349e-08
1782 4.428836675e-08
1783 4.170360057e-08
1784 4.225485384e-08
1785 4.28061071e-08
1786 4.335736037e-08
1787 4.390861363e-08
1788 4.44598669e-08
1789 4.187510072e-08
1790 4.242635399e-08
1791 4.297760725e-08
1792 4.352886052e-08
1793 4.408011378e-08
1794 4.14953476e-08
1795 4.204660087e-08
1796 4.259785413e-08
1797 4.31491074e-08
1798 4.370036066e-08
1799 4.425161393e-08
1800 4.166684775e-08
1801 4.221810102e-08
1802 4.276935428e-08
1803 4.332060755e-08
1804 4.387186081e-08
1805 4.442311408e-08
1806 4.18383479e-08
1807 4.238960116e-08
1808 4.294085443e-08
1809 4.349210769e-08
1810 4.404336096e-08
1811 4.145859478e-08
1812 4.200984804e-08
1813 4.256110131e-08
1814 4.311235458e-08
1815 4.366360784e-08
1816 4.421486111e-08
1817 4.163009493e-08
1818 4.218134819e-08
1819 4.273260146e-08
1820 4.328385472e-08
1821 4.383510799e-08
1822 4.438636125e-08
1823 4.180159507e-08
1824 4.235284834e-08
1825 4.29041016e-08
1826 4.345535487e-08
1827 4.400660814e-08
1828 4.45578614e-08
1829 4.197309522e-08
1830 4.252434849e-08
1831 4.307560175e-08
1832 4.362685502e-08
1833 4.417810828e-08
1834 4.15933421e-08
1835 4.214459537e-08
1836 4.269584863e-08
1837 4.32471019e-08
1838 4.379835516e-08
1839 4.434960843e-08
1840 4.176484225e-08
1841 4.231609552e-08
1842 4.286734878e-08
1843 4.341860205e-08
1844 4.396985531e-08
1845 4.452110858e-08
1846 4.19363424e-08
1847 4.248759566e-08
1848 4.303884893e-08
1849 4.359010219e-08
1850 4.414135546e-08
1851 4.155658928e-08
1852 4.210784255e-08
1853 4.265909581e-08
1854 4.321034908e-08
1855 4.376160234e-08
1856 4.431285561e-08
1857 4.172808943e-08
1858 4.227934269e-08
1859 4.283059596e-08
1860 4.338184922e-08
1861 4.393310249e-08
1862 4.448435575e-08
1863 4.189958958e-08
1864 4.245084284e-08
1865 4.300209611e-08
1866 4.355334937e-08
1867 4.410460264e-08
1868 4.151983646e-08
1869 4.207108972e-08
1870 4.262234299e-08
1871 4.317359625e-08
1872 4.372484952e-08
1873 4.427610278e-08
1874 4.169133661e-08
1875 4.224258987e-08
1876 4.279384314e-08
1877 4.33450964e-08
1878 4.389634967e-08
1879 4.444760293e-08
1880 4.186283675e-08
1881 4.241409002e-08
1882 4.296534328e-08
1883 4.351659655e-08
1884 4.406784981e-08
1885 4.148308363e-08
1886 4.20343369e-08
1887 4.258559017e-08
1888 4.313684343e-08
1889 4.36880967e-08
1890 4.423934996e-08
1891 4.165458378e-08
1892 4.220583705e-08
1893 4.275709031e-08
1894 4.330834358e-08
1895 4.385959684e-08
1896 4.441085011e-08
1897 4.182608393e-08
1898 4.237733719e-08
1899 4.292859046e-08
1900 4.347984373e-08
1901 4.403109699e-08
1902 4.458235026e-08
1903 4.199758408e-08
1904 4.254883734e-08
1905 4.310009061e-08
1906 4.365134387e-08
1907 4.420259714e-08
1908 4.161783096e-08
1909 4.216908422e-08
1910 4.272033749e-08
1911 4.327159076e-08
1912 4.382284402e-08
1913 4.437409729e-08
1914 4.178933111e-08
1915 4.234058437e-08
1916 4.289183764e-08
1917 4.34430909e-08
1918 4.399434417e-08
1919 4.454559743e-08
1920 4.196083125e-08
1921 4.251208452e-08
1922 4.306333778e-08
1923 4.361459105e-08
1924 4.416584432e-08
1925 4.158107814e-08
1926 4.21323314e-08
1927 4.268358467e-08
1928 4.323483793e-08
1929 4.37860912e-08
1930 4.433734446e-08
1931 4.175257828e-08
1932 4.230383155e-08
1933 4.285508481e-08
1934 4.340633808e-08
1935 4.395759134e-08
1936 4.450884461e-08
1937 4.192407843e-08
1938 4.24753317e-08
1939 4.302658496e-08
1940 4.357783823e-08
1941 4.412909149e-08
1942 4.154432531e-08
1943 4.209557858e-08
1944 4.264683184e-08
1945 4.319808511e-08
1946 4.374933837e-08
1947 4.430059164e-08
1948 4.171582546e-08
1949 4.226707873e-08
1950 4.281833199e-08
1951 4.336958526e-08
1952 4.392083852e-08
1953 4.447209179e-08
1954 4.188732561e-08
1955 4.243857887e-08
1956 4.298983214e-08
1957 4.35410854e-08
1958 4.409233867e-08
1959 4.150757249e-08
1960 4.205882576e-08
1961 4.261007902e-08
1962 4.316133229e-08
1963 4.371258555e-08
1964 4.426383882e-08
1965 4.167907264e-08
1966 4.22303259e-08
1967 4.278157917e-08
1968 4.333283243e-08
1969 4.38840857e-08
1970 4.443533896e-08
1971 4.185057279e-08
1972 4.240182605e-08
1973 4.295307932e-08
1974 4.350433258e-08
1975 4.405558585e-08
1976 4.147081967e-08
1977 4.202207293e-08
1978 4.25733262e-08
1979 4.312457946e-08
1980 4.367583273e-08
1981 4.422708599e-08
1982 4.164231981e-08
1983 4.219357308e-08
1984 4.274482635e-08
1985 4.329607961e-08
1986 4.384733288e-08
1987 4.439858614e-08
1988 4.181381996e-08
1989 4.236507323e-08
1990 4.291632649e-08
1991 4.346757976e-08
1992 4.401883302e-08
1993 4.457008629e-08
1994 4.198532011e-08
1995 4.253657337e-08
1996 4.308782664e-08
1997 4.363907991e-08
1998 4.419033317e-08
1999 4.160556699e-08
2000 4.215682026e-08
2001 4.270807352e-08
