1 -12.53016376
2 -12.45423508
3 -12.37713146
4 -12.29884815
5 -12.21949196
6 -12.13677025
7 -12.05113316
8 -11.96416569
9 -11.87610435
10 -11.78619099
11 -11.69477654
12 -11.60194397
13 -11.50740719
14 -11.41115379
15 -11.31333637
16 -11.2133913
17 -11.11179066
18 -11.00828362
19 -10.90279102
20 -10.79540443
21 -10.6860218
22 -10.57441616
23 -10.46093559
24 -10.34507275
25 -10.22719097
26 -10.10698986
27 -9.984478951
28 -9.859897614
29 -9.73278904
30 -9.603680611
31 -9.472034454
32 -9.338301659
33 -9.202021599
34 -9.06355381
35 -8.922733307
36 -8.779735565
37 -8.634472847
38 -8.487128258
39 -8.337608337
40 -8.186208725
41 -8.032560349
42 -7.877009392
43 -7.71935606
44 -7.560505867
45 -7.399841309
46 -7.237514019
47 -7.07378149
48 -6.908752918
49 -6.743155003
50 -6.575859547
51 -6.483674526
52 -6.484434605
53 -6.485190868
54 -6.485993385
55 -6.486688614
56 -6.487375259
57 -6.488115788
58 -6.488801003
59 -6.489429474
60 -6.490093231
61 -6.490756512
62 -6.491330147
63 -6.491921902
64 -6.492510319
65 -6.493071556
66 -6.493588448
67 -6.494103909
68 -6.494641781
69 -6.4950881
70 -6.495334148
71 -6.49517107
72 -6.495006084
73 -6.494842529
74 -6.494675636
75 -6.494482517
76 -6.494278431
77 -6.494074345
78 -6.49387598
79 -6.493680954
80 -6.493482113
81 -6.493282318
82 -6.493080139
83 -6.492877483
84 -6.492646217
85 -6.492412567
86 -6.492179394
87 -6.491942883
88 -6.491707802
89 -6.491470814
90 -6.49122858
91 -6.490992546
92 -6.490765095
93 -6.490494251
94 -6.490218639
95 -6.489940643
96 -6.489665031
97 -6.489385605
98 -6.489117146
99 -6.488857269
100 -6.488592625
101 -6.48829174
102 -6.487972736
103 -6.487653255
104 -6.487337589
105 -6.487038136
106 -6.486736774
107 -6.486434937
108 -6.486133099
109 -6.485786915
110 -6.485419273
111 -6.485084534
112 -6.484742641
113 -6.484401226
114 -6.484054565
115 -6.483711243
116 -6.483363628
117 -6.482985973
118 -6.482603073
119 -6.482220173
120 -6.481830597
121 -6.481443405
122 -6.481051445
123 -6.480698586
124 -6.480310917
125 -6.479882717
126 -6.479448795
127 -6.479015827
128 -6.478583336
129 -6.478189945
130 -6.477790833
131 -6.477385521
132 -6.476901054
133 -6.476419449
134 -6.475959301
135 -6.475519657
136 -6.475079536
137 -6.474636078
138 -6.473937035
139 -6.472945213
140 -6.471978664
141 -6.47100687
142 -6.470016003
143 -6.468973637
144 -6.467954159
145 -6.466984749
146 -6.465862274
147 -6.464800835
148 -6.463807583
149 -6.462646961
150 -6.461548328
151 -6.460476875
152 -6.459350586
153 -6.458202362
154 -6.457055569
155 -6.455935478
156 -6.454776764
157 -6.453541756
158 -6.452393055
159 -6.451265335
160 -6.449944973
161 -6.448761463
162 -6.44761467
163 -6.446274757
164 -6.445049286
165 -6.443826199
166 -6.442574024
167 -6.441269875
168 -6.439956665
169 -6.438734531
170 -6.437426567
171 -6.436018944
172 -6.434764862
173 -6.433522701
174 -6.432016373
175 -6.430730343
176 -6.429449558
177 -6.427993298
178 -6.426638603
179 -6.425271988
180 -6.423952579
181 -6.422495842
182 -6.421024323
183 -6.419723988
184 -6.418302536
185 -6.416722298
186 -6.415401936
187 -6.414067268
188 -6.412401199
189 -6.411027431
190 -6.409637928
191 -6.408099174
192 -6.40661335
193 -6.405107975
194 -6.40375948
195 -6.402169228
196 -6.400537968
197 -6.399187565
198 -6.397681713
199 -6.395938873
200 -6.394564629
201 -6.393169403
202 -6.391389847
203 -6.389896393
204 -6.388389587
205 -6.282391071
206 -6.038276196
207 -5.80824852
208 -5.593114376
209 -5.390552521
210 -5.198715687
211 -5.017114162
212 -4.846188545
213 -4.683577538
214 -4.528174877
215 -4.380401134
216 -4.240563869
217 -4.106665134
218 -3.97823
219 -3.854862452
220 -3.73799777
221 -5.822900295
222 -5.002266884
223 -4.241819859
224 -3.536720276
225 -2.883643866
226 -2.281022549
227 -1.723983765
228 -1.20898509
229 -0.7338997126
230 -0.294885397
231 0.1115215123
232 0.4868673086
233 0.8343099952
234 1.156658292
235 1.455134511
236 1.722710609
237 1.70803535
238 1.693544507
239 1.679667473
240 1.665664077
241 1.652114987
242 1.639374495
243 1.626468778
244 1.614185214
245 1.602721214
246 1.590793848
247 1.579566002
248 1.568490863
249 1.557492375
250 1.547047257
251 1.536445379
252 1.525633454
253 1.515378118
254 1.504743218
255 1.494602561
256 1.484818935
257 1.474996924
258 1.465438604
259 1.455714941
260 1.44611764
261 1.436977029
262 1.427595258
263 1.418401599
264 1.409595966
265 1.410627246
266 1.438470125
267 1.465336561
268 1.491146207
269 1.516346693
270 1.540460348
271 1.563325524
272 1.585136175
273 1.606085539
274 1.626290798
275 1.645840168
276 1.647214651
277 1.639041305
278 1.630788684
279 1.622896791
280 1.615171194
281 1.607700706
282 1.600443125
283 1.593260646
284 1.586273193
285 1.579292536
286 1.572548509
287 1.565879345
288 1.559279084
289 1.552656889
290 1.546681762
291 1.540376902
292 1.534329295
293 1.528380394
294 1.522536039
295 1.517062068
296 1.512062192
297 1.506867647
298 1.501466632
299 1.496226668
300 1.491086483
301 1.486427665
302 1.482020617
303 1.477712274
304 1.512411356
305 1.557452798
306 1.603012681
307 1.649674773
308 1.69697535
309 1.74481225
310 1.79315865
311 1.842014551
312 1.891680837
313 1.942394733
314 1.993627787
315 2.045370102
316 2.097635508
317 2.150384665
318 2.204105854
319 2.258603096
320 2.31362319
321 2.369241714
322 2.425488472
323 2.482250214
324 2.540225744
325 2.598775148
326 2.657968044
327 2.717505693
328 2.777564526
329 2.838259697
330 2.900162458
331 2.962732315
332 3.025813103
333 3.08940649
334 3.153425455
335 3.218175411
336 3.283981323
337 3.350291729
338 3.417093277
339 3.484406233
340 3.552390575
341 3.621138811
342 3.690578938
343 3.760485649
344 3.830974579
345 3.902015924
346 3.973513603
347 4.045839787
348 4.118723392
349 4.192243099
350 4.266231537
351 4.340623856
352 4.415398121
353 4.49084425
354 4.567221165
355 4.643988132
356 4.721099854
357 4.798542976
358 4.876150131
359 4.954808235
360 5.034136772
361 5.113771439
362 5.193634033
363 5.273775101
364 5.35427618
365 5.435540676
366 5.517549038
367 5.599504471
368 5.68197298
369 5.764781952
370 5.847752094
371 5.930920124
372 6.01509428
373 6.099717617
374 6.184484482
375 6.269319057
376 6.354270458
377 6.439408302
378 6.521578789
379 6.601458549
380 6.679480076
381 6.755201817
382 6.828383446
383 6.899969578
384 6.970025063
385 7.037715435
386 7.103816509
387 7.16831255
388 7.231303215
389 7.292118073
390 7.351717472
391 7.410153389
392 7.466918945
393 7.522277832
394 7.576368332
395 7.629405499
396 7.680858612
397 7.731027126
398 7.780500412
399 7.828921795
400 7.875938416
401 7.921926498
402 7.967153549
403 8.011441231
404 8.054457664
405 8.096840858
406 8.138519287
407 8.17941761
408 8.219115257
409 8.258278847
410 8.29669857
411 8.335533142
412 8.377868652
413 8.419942856
414 8.461614609
415 8.502857208
416 8.543374062
417 8.583568573
418 8.623258591
419 8.662859917
420 8.701714516
421 8.740128517
422 8.778394699
423 8.816302299
424 8.853553772
425 8.890522957
426 8.927129745
427 8.963399887
428 8.999483109
429 9.034966469
430 9.070055008
431 9.105043411
432 9.139743805
433 9.173865318
434 9.20759964
435 9.24119854
436 9.274588585
437 9.307649612
438 9.340218544
439 9.372519493
440 9.40455246
441 9.436364174
442 9.468003273
443 9.498963356
444 9.529752731
445 9.560474396
446 9.590960503
447 9.621112823
448 9.650698662
449 9.680270195
450 9.709533691
451 9.738471985
452 9.767356873
453 9.795741081
454 9.823874474
455 9.851783752
456 9.879584312
457 9.907114029
458 9.93433094
459 9.961033821
460 9.987760544
461 10.01423454
462 6.488554478
463 6.617957115
464 6.743434906
465 6.865760803
466 6.985541821
467 7.100493431
468 7.213142395
469 7.322290421
470 7.427277088
471 7.529076099
472 7.627542496
473 7.722455978
474 7.814362049
475 7.902296543
476 7.987119198
477 8.068966866
478 8.147233963
479 8.222913742
480 8.29479599
481 8.364037514
482 8.430500031
483 8.493804932
484 8.555089951
485 8.612548828
486 8.668207169
487 8.720845222
488 8.771327019
489 8.819533348
490 8.865004539
491 8.90859127
492 8.949726105
493 8.937607765
494 8.899910927
495 8.863293648
496 8.826708794
497 8.791074753
498 8.755606651
499 8.720684052
500 8.686441422
501 8.652251244
502 8.61923027
503 8.585986137
504 8.553817749
505 8.52187252
506 8.490149498
507 8.45907402
508 8.428055763
509 8.397818565
510 8.367723465
511 8.338297844
512 8.30924511
513 8.283985138
514 8.261599541
515 8.239375114
516 8.218384743
517 8.199737549
518 8.224856377
519 8.250411987
520 8.275835991
521 8.301223755
522 8.326620102
523 8.351635933
524 8.376549721
525 8.401388168
526 8.425868034
527 8.450329781
528 8.474805832
529 8.498888969
530 8.522864342
531 8.54672718
532 8.570158005
533 8.59354496
534 8.616744041
535 8.639532089
536 8.662233353
537 8.684746742
538 8.706867218
539 8.729844093
540 8.753286362
541 8.776334763
542 8.799209595
543 8.821657181
544 8.843630791
545 8.865351677
546 8.88643837
547 8.907182693
548 8.927612305
549 8.947300911
550 8.966633797
551 8.985617638
552 9.003838539
553 9.021633148
554 9.038911819
555 9.055587769
556 9.07170105
557 9.087238312
558 9.102108955
559 9.116556168
560 9.13011837
561 9.14317131
562 9.155653
563 9.167272568
564 9.178359032
565 9.188774109
566 9.19844532
567 9.207585335
568 9.215750694
569 9.223256111
570 9.230172157
571 9.236069679
572 9.241362572
573 9.24587822
574 9.249583244
575 9.252543449
576 9.254610062
577 9.255952835
578 9.247159004
579 9.126637459
580 9.008693695
581 8.893831253
582 8.781115532
583 8.670874596
584 8.563640594
585 8.458061218
586 8.355271339
587 8.254631996
588 8.155550957
589 8.059529305
590 7.965032101
591 7.871959686
592 7.781929016
593 7.693180084
594 7.605702877
595 7.521063328
596 7.437779427
597 7.35534811
598 7.275534153
599 7.197193146
600 7.119469166
601 7.044082642
602 6.970050335
603 6.896990299
604 6.825448036
605 6.755362034
606 6.686520576
607 6.618639469
608 6.55224371
609 6.486949921
610 6.42271328
611 6.359725952
612 6.297704697
613 6.236697197
614 6.176915646
615 6.118018627
616 6.059942722
617 6.002745628
618 5.946907043
619 5.891714096
620 5.837191582
621 5.783513546
622 5.73119688
623 5.679426193
624 5.628153801
625 5.577567101
626 5.528287888
627 5.479570389
628 5.43125248
629 5.382853508
630 5.335354805
631 5.288348198
632 5.241555691
633 5.19503212
634 5.149066448
635 5.103835106
636 5.058914185
637 5.014094353
638 4.969510555
639 4.925788403
640 4.882371426
641 4.839286804
642 4.796216488
643 4.753597736
644 4.71159029
645 4.669850349
646 4.628358364
647 4.586994171
648 4.546003342
649 4.505492687
650 4.465214252
651 4.425167084
652 4.385338783
653 4.345720768
654 4.306551456
655 4.267648697
656 4.228893757
657 4.190347195
658 4.152032852
659 4.114085674
660 4.076334
661 4.038723469
662 4.001320839
663 3.972052574
664 3.945238113
665 3.918563604
666 3.89176631
667 3.864949226
668 3.838231564
669 3.811641216
670 3.785247087
671 3.758856773
672 3.732417822
673 3.705877542
674 3.679412603
675 3.652875185
676 3.626480818
677 3.600184679
678 3.573871613
679 3.547503233
680 3.52115941
681 3.494545937
682 3.468024969
683 3.441494465
684 3.414803743
685 3.387878656
686 3.360791445
687 3.333652735
688 3.306463957
689 3.279329538
690 3.252009392
691 3.22461772
692 3.196998835
693 3.169291258
694 3.141315699
695 3.113176823
696 3.085097313
697 3.057017803
698 3.028810978
699 3.000431538
700 2.971944571
701 2.943197727
702 2.914235353
703 2.885053635
704 2.856027365
705 2.826905251
706 2.797621012
707 2.768248796
708 2.738619804
709 2.708832502
710 2.678729534
711 2.648555517
712 2.618419409
713 2.588132381
714 2.557644606
715 2.526993275
716 2.496210814
717 2.465288877
718 2.434267759
719 2.402830601
720 2.371229172
721 2.339686394
722 2.30799818
723 2.276150227
724 2.244164705
725 2.212054491
726 2.179759502
727 2.147068262
728 2.114217043
729 2.081232548
730 2.048080921
731 2.014880657
732 1.981527686
733 1.948066235
734 1.914443254
735 1.880506277
736 1.846376181
737 1.812102437
738 1.777659655
739 1.743020177
740 1.70818758
741 1.673196793
742 1.637980103
743 1.602510452
744 1.567019939
745 1.531369328
746 1.495543122
747 1.459583163
748 1.423428297
749 1.387099504
750 1.350446582
751 1.313532829
752 1.276475191
753 1.239246845
754 1.20188272
755 1.164365888
756 1.126746893
757 1.088986397
758 1.050766826
759 1.012388349
760 0.9738507271
761 0.935256362
762 0.8965137601
763 0.8576211929
764 0.8185836673
765 0.7792625427
766 0.7396592498
767 0.6999245882
768 0.6600489616
769 0.6200274229
770 0.5798559785
771 0.5395617485
772 0.4990911186
773 0.4581869543
774 0.4171532691
775 0.3759933412
776 0.3347031474
777 0.293292731
778 0.2517613769
779 0.2101132125
780 0.1681456566
781 0.1259721816
782 0.08368559927
783 0.04129323736
784 -0.001207429334
785 -0.04381246492
786 -0.08651601523
787 -0.1294320524
788 -0.1727056652
789 -0.2160752416
790 -0.2595366538
791 -0.3030817211
792 -0.3467134535
793 -0.390427053
794 -0.4342158735
795 -0.4783630073
796 -0.5226128697
797 -0.5669330955
798 -0.6113162637
799 -0.6557520628
800 -0.7002602816
801 -0.7448476553
802 -0.7896795273
803 -0.8347765207
804 -0.8799106479
805 -0.9250991344
806 -0.9703121185
807 -1.015581131
808 -1.060865879
809 -1.106107235
810 -1.151684403
811 -1.197259188
812 -1.242847681
813 -1.288423419
814 -1.333959222
815 -1.379494071
816 -1.425023198
817 -1.470736504
818 -1.516639829
819 -1.562602758
820 -1.608574152
821 -1.654491663
822 -1.700381517
823 -1.746202469
824 -1.791990519
825 -1.837881327
826 -1.883719325
827 -1.929462552
828 -1.975107551
829 -2.020679951
830 -2.066237926
831 -2.111774445
832 -2.157235622
833 -2.203014374
834 -2.248682022
835 -2.294187069
836 -2.339497089
837 -2.384610891
838 -2.429518938
839 -2.474443674
840 -2.519278049
841 -2.564345837
842 -2.609123468
843 -2.653770208
844 -2.698273659
845 -2.742488384
846 -2.786367893
847 -2.830255032
848 -2.873960018
849 -2.917818069
850 -2.961558104
851 -3.005062103
852 -3.048356533
853 -3.091268778
854 -3.134058237
855 -3.176588058
856 -3.218919039
857 -3.261063576
858 -3.303184271
859 -3.34493804
860 -3.386567593
861 -3.427825928
862 -3.468830109
863 -3.509437561
864 -3.549800873
865 -3.589804173
866 -3.630027533
867 -3.66999054
868 -3.709587097
869 -3.748691559
870 -3.787512302
871 -3.826244116
872 -3.864717245
873 -3.902531624
874 -3.939987898
875 -3.966528416
876 -3.973035097
877 -3.979513645
878 -3.985719681
879 -3.99143672
880 -3.996881008
881 -4.002234459
882 -4.007657528
883 -4.012854576
884 -4.017738342
885 -4.022075176
886 -4.026207447
887 -4.030427933
888 -4.034466267
889 -4.038290501
890 -4.041692734
891 -4.045005798
892 -4.048399925
893 -4.051626205
894 -4.054756641
895 -4.057633877
896 -4.060034275
897 -4.062475681
898 -4.064716339
899 -4.066763401
900 -4.06861496
901 -4.070353031
902 -4.071951389
903 -4.073367119
904 -4.074589729
905 -4.075622082
906 -4.076785088
907 -4.077519894
908 -4.077887058
909 -4.078080177
910 -4.078094959
911 -4.078295231
912 -4.07830143
913 -4.077962399
914 -4.077408791
915 -4.076721668
916 -4.076324463
917 -4.075803757
918 -4.074864864
919 -4.073701859
920 -4.072190285
921 -4.070899963
922 -4.069458008
923 -4.067756653
924 -4.065677166
925 -4.063467026
926 -4.061494827
927 -4.059352875
928 -4.057054043
929 -4.05437851
930 -4.051502228
931 -4.048882484
932 -4.046059608
933 -4.043085575
934 -4.03988266
935 -4.036188602
936 -4.032691956
937 -4.029047966
938 -4.025228024
939 -4.021247387
940 -4.017074108
941 -4.012915611
942 -4.008657455
943 -4.004253387
944 -3.999693632
945 -3.995086193
946 -3.990393877
947 -3.985496521
948 -3.980428457
949 -3.975205898
950 -3.969945431
951 -3.964822292
952 -3.959136009
953 -3.953258276
954 -3.947226763
955 -3.941145182
956 -3.935254812
957 -3.929089546
958 -3.922552586
959 -3.915875435
960 -3.909092903
961 -3.902540207
962 -3.895831108
963 -3.888782024
964 -3.88143754
965 -3.873938322
966 -3.866715908
967 -3.859336376
968 -3.851805925
969 -3.843876362
970 -3.835700274
971 -3.827731371
972 -3.819675446
973 -3.811459541
974 -3.803088427
975 -3.794193506
976 -3.785316706
977 -3.776467323
978 -3.767472029
979 -3.758305788
980 -3.748988867
981 -3.739366293
982 -3.729796886
983 -3.720126152
984 -3.710304022
985 -3.700325489
986 -3.690194845
987 -3.680032253
988 -3.669623613
989 -3.659181356
990 -3.651915073
991 -3.644453526
992 -3.636805773
993 -3.628777266
994 -3.620373249
995 -3.611770391
996 -3.602983475
997 -3.594031811
998 -3.584877729
999 -3.575451851
1000 -3.565530539
1001 -3.555412531
1002 -3.54509306
1003 -3.534593344
1004 -3.473095179
1005 -3.378823757
1006 -3.285527229
1007 -3.192584991
1008 -3.10057044
1009 -3.009749174
1010 -2.92018199
1011 -2.8313272
1012 -2.743695974
1013 -2.657512903
1014 -2.572828531
1015 -2.489498615
1016 -2.407168865
1017 -2.326490879
1018 -2.247491121
1019 -2.170197725
1020 -2.094636679
1021 -2.020312548
1022 -1.947727084
1023 -1.876953483
1024 -1.808001876
1025 -1.740875244
1026 -1.675573945
1027 -1.611957908
1028 -1.549748063
1029 -1.489380121
1030 -1.430838466
1031 -1.374108076
1032 -1.319166541
1033 -1.265995026
1034 -1.214567065
1035 -1.164857149
1036 -1.116736293
1037 -1.070037961
1038 -1.024992943
1039 -0.9815657139
1040 -0.9397211075
1041 -0.8994218111
1042 -0.8606300354
1043 -0.8233090639
1044 -0.7874188423
1045 -0.7529196739
1046 -0.7197726369
1047 -0.6879386902
1048 -0.6573780179
1049 -0.6280499101
1050 -0.5999170542
1051 -0.5727923512
1052 -0.5467175841
1053 -0.5217408538
1054 -0.4978233874
1055 -0.4749282598
1056 -0.4530171454
1057 -0.4320550561
1058 -0.4120057225
1059 -0.3928349316
1060 -0.3745085001
1061 -0.3569937944
1062 -0.3402582705
1063 -0.3242715895
1064 -0.3090032935
1065 -0.294424206
1066 -0.2805055082
1067 -0.2672196329
1068 -0.2545408905
1069 -0.2424431145
1070 -0.2309014052
1071 -0.2198924273
1072 -0.209393099
1073 -0.1993805021
1074 -0.1898343712
1075 -0.1807332635
1076 -0.1720585227
1077 -0.1637903899
1078 -0.1559107304
1079 -0.1484024078
1080 -0.1412486881
1081 -0.1344332397
1082 -0.1279408932
1083 -0.1217565536
1084 -0.1158664972
1085 -0.1102566719
1086 -0.1049146801
1087 -0.09982780367
1088 -0.09498450905
1089 -0.0903730914
1090 -0.08598294109
1091 -0.08180370927
1092 -0.07782538235
1093 -0.0740384981
1094 -0.07043388486
1095 -0.06700338423
1096 -0.06373871863
1097 -0.06063124537
1098 -0.05767432228
1099 -0.05486053973
1100 -0.05218298733
1101 -0.04963514581
1102 -0.04721119255
1103 -0.04490446299
1104 -0.04270988703
1105 -0.04062208161
1106 -0.0386355333
1107 -0.03674583137
1108 -0.03494821861
1109 -0.03323787078
1110 -0.03161098063
1111 -0.03006355092
1112 -0.0285913758
1113 -0.02719108947
1114 -0.02585913613
1115 -0.02459226921
1116 -0.02338724211
1117 -0.02224078402
1118 -0.02115092054
1119 -0.02011406608
1120 -0.01912789606
1121 -0.01818961464
1122 -0.01729766466
1123 -0.01644927077
1124 -0.01564224064
1125 -0.01487470791
1126 -0.01414497849
1127 -0.01345101185
1128 -0.01279095467
1129 -0.01216307934
1130 -0.01156631485
1131 -0.0109984586
1132 -0.01045843028
1133 -0.009944990277
1134 -0.009456721134
1135 -0.008992387913
1136 -0.008550886996
1137 -0.008130974136
1138 -0.007731718477
1139 -0.007351861335
1140 -0.006990782917
1141 -0.006647390313
1142 -0.006321062334
1143 -0.006010540295
1144 -0.005715359468
1145 -0.005434582941
1146 -0.005167584401
1147 -0.004913741723
1148 -0.004672267009
1149 -0.004442694131
1150 -0.004224554636
1151 -0.004016908817
1152 -0.00381959998
1153 -0.003631849075
1154 -0.003453494282
1155 -0.003283755621
1156 -0.003122320166
1157 -0.00296887476
1158 -0.002823263174
1159 -0.002684389008
1160 -0.002552408958
1161 -0.002427011961
1162 -0.00230772444
1163 -0.002194234636
1164 -0.00208638655
1165 -0.001983866794
1166 -0.001886361861
1167 -0.001793558593
1168 -0.001705457224
1169 -0.001621744246
1170 -0.001541949459
1171 -0.001466229907
1172 -0.001394115272
1173 -0.001325605903
1174 -0.001260387944
1175 -0.001198461861
1176 -0.001139513915
1177 -0.001083545154
1178 -0.001030240324
1179 -0.0009797571693
1180 -0.0009316254291
1181 -0.000885845162
1182 -0.0008424163098
1183 -0.0008010253659
1184 -0.0007618293166
1185 -0.0007243575528
1186 -0.0006887671188
1187 -0.0006550579565
1188 -0.000622916501
1189 -0.0005923428107
1190 -0.0005633368855
1191 -0.0005355851608
1192 -0.0005094012013
1193 -0.0004843147763
1194 -0.0004606393049
1195 -0.0004379045276
1196 -0.0004164240381
1197 -0.000396041054
1198 -0.0003765987058
1199 -0.0003580971388
1200 -0.0003405362368
1201 -0.0003237592755
1202 -0.0003079230664
1203 -0.000292870769
1204 -0.0002784456592
1205 -0.000264804461
1206 -0.0002517904213
1207 -0.0002394035837
1208 -0.0002276438754
1209 -0.0002165113401
1210 -0.0002058491809
1211 -0.0001958141947
1212 -0.0001862495847
1213 -0.0001769985538
1214 -0.0001683746959
1215 -0.0001600644318
1216 -0.0001522245584
1217 -0.0001446982642
1218 -0.0001376423461
1219 -0.0001309000363
1220 -0.0001244713203
1221 -0.0001183561762
1222 -0.0001123978363
1223 -0.0001069098798
1224 -0.0001015787275
1225 -9.656116163e-05
1226 -9.170039266e-05
1227 -8.731002163e-05
1228 -8.291965059e-05
1229 -7.884286606e-05
1230 -7.492289296e-05
1231 -7.11597022e-05
1232 -6.771011977e-05
1233 -6.426053005e-05
1234 -6.112453411e-05
1235 -5.814534234e-05
1236 -5.532294745e-05
1237 -5.250055256e-05
1238 -4.983495455e-05
1239 -4.74829576e-05
1240 -4.513095701e-05
1241 -4.293576058e-05
1242 -4.074056051e-05
1243 -3.870215733e-05
1244 -3.682055467e-05
1245 -3.493895201e-05
1246 -3.321415352e-05
1247 -3.164614827e-05
1248 -3.007814848e-05
1249 -2.851014506e-05
1250 -2.709894216e-05
1251 -2.584453978e-05
1252 -2.459013558e-05
1253 -2.33357332e-05
1254 -2.208132901e-05
1255 -2.098372715e-05
1256 -2.004292401e-05
1257 -1.910212086e-05
1258 -1.816131953e-05
1259 -1.722051638e-05
1260 -1.627971142e-05
1261 -1.549570879e-05
1262 -1.471170708e-05
1263 -1.408450407e-05
1264 -1.330050145e-05
1265 -1.267329844e-05
1266 -1.204609634e-05
1267 -1.141889334e-05
1268 -1.094849176e-05
1269 -1.032128876e-05
1270 -9.850887182e-06
1271 -9.380484698e-06
1272 -8.910083125e-06
1273 -8.439680641e-06
1274 -7.969278158e-06
1275 -7.655677109e-06
1276 -7.185274626e-06
1277 -6.871673122e-06
1278 -6.558072073e-06
1279 -6.244470114e-06
1280 -5.93086861e-06
1281 -5.617267107e-06
1282 -5.303665603e-06
1283 -5.146865078e-06
1284 -4.83326312e-06
1285 -4.519661616e-06
1286 -4.362860636e-06
1287 -4.206060112e-06
1288 -3.892458608e-06
1289 -3.735657629e-06
1290 -3.578856877e-06
1291 -3.422056125e-06
1292 -3.265255145e-06
1293 -3.108454393e-06
1294 -2.951653642e-06
1295 -2.79485289e-06
1296 -2.63805191e-06
1297 -2.481251158e-06
1298 -2.324450179e-06
1299 -2.324450179e-06
1300 -2.167649427e-06
1301 -2.010848448e-06
1302 -2.010848448e-06
1303 -1.85404781e-06
1304 -1.697246944e-06
1305 -1.697246944e-06
1306 -1.540446078e-06
1307 -1.540446078e-06
1308 -1.383645213e-06
1309 -1.383645213e-06
1310 -1.226844347e-06
1311 -1.226844347e-06
1312 -1.226844347e-06
1313 -1.070043481e-06
1314 -1.070043481e-06
1315 -1.070043481e-06
1316 -9.132425589e-07
1317 -9.132425589e-07
1318 -9.132425589e-07
1319 -7.564416933e-07
1320 -7.564416933e-07
1321 -7.564416933e-07
1322 -7.564416933e-07
1323 -5.996408845e-07
1324 -5.996408845e-07
1325 -5.996408845e-07
1326 -5.996408845e-07
1327 -5.996408845e-07
1328 -4.428399905e-07
1329 -4.428399905e-07
1330 -4.428399905e-07
1331 -4.428399905e-07
1332 -4.428399905e-07
1333 -4.428399905e-07
1334 -4.428399905e-07
1335 -2.860391248e-07
1336 -2.860391248e-07
1337 -2.860391248e-07
1338 -2.860391248e-07
1339 -2.860391248e-07
1340 -2.860391248e-07
1341 -2.860391248e-07
1342 -2.860391248e-07
1343 -2.860391248e-07
1344 -2.860391248e-07
1345 -2.860391248e-07
1346 -1.292382308e-07
1347 -1.292382308e-07
1348 -1.292382308e-07
1349 -1.292382308e-07
1350 -1.292382308e-07
1351 -1.292382308e-07
1352 -1.292382308e-07
1353 -1.292382308e-07
1354 -1.292382308e-07
1355 -1.292382308e-07
1356 -1.292382308e-07
1357 -1.292382308e-07
1358 -1.292382308e-07
1359 -1.292382308e-07
1360 -1.292382308e-07
1361 -1.292382308e-07
1362 -1.292382308e-07
1363 -1.292382308e-07
1364 -1.292382308e-07
1365 -1.292382308e-07
1366 -1.292382308e-07
1367 -1.292382308e-07
1368 -1.292382308e-07
1369 -1.292382308e-07
1370 2.756265616e-08
1371 2.756265616e-08
1372 -1.292382308e-07
1373 2.756265616e-08
1374 2.756265616e-08
1375 2.756265616e-08
1376 2.756265616e-08
1377 2.756265616e-08
1378 -1.292382308e-07
1379 2.756265616e-08
1380 2.756265616e-08
1381 2.756265616e-08
1382 2.756265616e-08
1383 2.756265616e-08
1384 -1.292382308e-07
1385 2.756265616e-08
1386 2.756265616e-08
1387 2.756265616e-08
1388 2.756265616e-08
1389 2.756265616e-08
1390 -1.292382308e-07
1391 2.756265616e-08
1392 2.756265616e-08
1393 2.756265616e-08
1394 2.756265616e-08
1395 -1.292382308e-07
1396 2.756265616e-08
1397 2.756265616e-08
1398 2.756265616e-08
1399 2.756265616e-08
1400 2.756265616e-08
1401 -1.292382308e-07
1402 2.756265616e-08
1403 2.756265616e-08
1404 2.756265616e-08
1405 2.756265616e-08
1406 2.756265616e-08
1407 -1.292382308e-07
1408 2.756265616e-08
1409 2.756265616e-08
1410 2.756265616e-08
1411 2.756265616e-08
1412 -1.292382308e-07
1413 2.756265616e-08
1414 2.756265616e-08
1415 2.756265616e-08
1416 2.756265616e-08
1417 2.756265616e-08
1418 -1.292382308e-07
1419 2.756265616e-08
1420 2.756265616e-08
1421 2.756265616e-08
1422 2.756265616e-08
1423 2.756265616e-08
1424 -1.292382308e-07
1425 2.756265616e-08
1426 2.756265616e-08
1427 2.756265616e-08
1428 2.756265616e-08
1429 -1.292382308e-07
1430 2.756265616e-08
1431 2.756265616e-08
1432 2.756265616e-08
1433 2.756265616e-08
1434 2.756265616e-08
1435 -1.292382308e-07
1436 2.756265616e-08
1437 2.756265616e-08
1438 2.756265616e-08
1439 2.756265616e-08
1440 2.756265616e-08
1441 -1.292382308e-07
1442 2.756265616e-08
1443 2.756265616e-08
1444 2.756265616e-08
1445 2.756265616e-08
1446 -1.292382308e-07
1447 2.756265616e-08
1448 2.756265616e-08
1449 2.756265616e-08
1450 2.756265616e-08
1451 2.756265616e-08
1452 -1.292382308e-07
1453 2.756265616e-08
1454 2.756265616e-08
1455 2.756265616e-08
1456 2.756265616e-08
1457 2.756265616e-08
1458 -1.292382308e-07
1459 2.756265616e-08
1460 2.756265616e-08
1461 2.756265616e-08
1462 2.756265616e-08
1463 -1.292382308e-07
1464 2.756265616e-08
1465 2.756265616e-08
1466 2.756265616e-08
1467 2.756265616e-08
1468 2.756265616e-08
1469 -1.292382308e-07
1470 2.756265616e-08
1471 2.756265616e-08
1472 2.756265616e-08
1473 2.756265616e-08
1474 2.756265616e-08
1475 -1.292382308e-07
1476 2.756265616e-08
1477 2.756265616e-08
1478 2.756265616e-08
1479 2.756265616e-08
1480 2.756265616e-08
1481 -1.292382308e-07
1482 2.756265616e-08
1483 2.756265616e-08
1484 2.756265616e-08
1485 2.756265616e-08
1486 -1.292382308e-07
1487 2.756265616e-08
1488 2.756265616e-08
1489 2.756265616e-08
1490 2.756265616e-08
1491 2.756265616e-08
1492 -1.292382308e-07
1493 2.756265616e-08
1494 2.756265616e-08
1495 2.756265616e-08
1496 2.756265616e-08
1497 2.756265616e-08
1498 -1.292382308e-07
1499 2.756265616e-08
1500 2.756265616e-08
1501 2.756265616e-08
1502 2.756265616e-08
1503 -1.292382308e-07
1504 2.756265616e-08
1505 2.756265616e-08
1506 2.756265616e-08
1507 2.756265616e-08
1508 2.756265616e-08
1509 -1.292382308e-07
1510 2.756265616e-08
1511 2.756265616e-08
1512 2.756265616e-08
1513 2.756265616e-08
1514 2.756265616e-08
1515 -1.292382308e-07
1516 2.756265616e-08
1517 2.756265616e-08
1518 2.756265616e-08
1519 2.756265616e-08
1520 -1.292382308e-07
1521 2.756265616e-08
1522 2.756265616e-08
1523 2.756265616e-08
1524 2.756265616e-08
1525 2.756265616e-08
1526 -1.292382308e-07
1527 2.756265616e-08
1528 2.756265616e-08
1529 2.756265616e-08
1530 2.756265616e-08
1531 2.756265616e-08
1532 -1.292382308e-07
1533 2.756265616e-08
1534 2.756265616e-08
1535 2.756265616e-08
1536 2.756265616e-08
1537 -1.292382308e-07
1538 2.756265616e-08
1539 2.756265616e-08
1540 2.756265616e-08
1541 2.756265616e-08
1542 2.756265616e-08
1543 -1.292382308e-07
1544 2.756265616e-08
1545 2.756265616e-08
1546 2.756265616e-08
1547 2.756265616e-08
1548 2.756265616e-08
1549 -1.292382308e-07
1550 2.756265616e-08
1551 2.756265616e-08
1552 2.756265616e-08
1553 2.756265616e-08
1554 -1.292382308e-07
1555 2.756265616e-08
1556 2.756265616e-08
1557 2.756265616e-08
1558 2.756265616e-08
1559 2.756265616e-08
1560 -1.292382308e-07
1561 2.756265616e-08
1562 2.756265616e-08
1563 2.756265616e-08
1564 2.756265616e-08
1565 2.756265616e-08
1566 -1.292382308e-07
1567 2.756265616e-08
1568 2.756265616e-08
1569 2.756265616e-08
1570 2.756265616e-08
1571 2.756265616e-08
1572 -1.292382308e-07
1573 2.756265616e-08
1574 2.756265616e-08
1575 2.756265616e-08
1576 2.756265616e-08
1577 -1.292382308e-07
1578 2.756265616e-08
1579 2.756265616e-08
1580 2.756265616e-08
1581 2.756265616e-08
1582 2.756265616e-08
1583 -1.292382308e-07
1584 2.756265616e-08
1585 2.756265616e-08
1586 2.756265616e-08
1587 2.756265616e-08
1588 2.756265616e-08
1589 -1.292382308e-07
1590 2.756265616e-08
1591 2.756265616e-08
1592 2.756265616e-08
1593 2.756265616e-08
1594 -1.292382308e-07
1595 2.756265616e-08
1596 2.756265616e-08
1597 2.756265616e-08
1598 2.756265616e-08
1599 2.756265616e-08
1600 -1.292382308e-07
1601 2.756265616e-08
1602 2.756265616e-08
1603 2.756265616e-08
1604 2.756265616e-08
1605 2.756265616e-08
1606 -1.292382308e-07
1607 2.756265616e-08
1608 2.756265616e-08
1609 2.756265616e-08
1610 2.756265616e-08
1611 -1.292382308e-07
1612 2.756265616e-08
1613 2.756265616e-08
1614 2.756265616e-08
1615 2.756265616e-08
1616 2.756265616e-08
1617 -1.292382308e-07
1618 2.756265616e-08
1619 2.756265616e-08
1620 2.756265616e-08
1621 2.756265616e-08
1622 2.756265616e-08
1623 -1.292382308e-07
1624 2.756265616e-08
1625 2.756265616e-08
1626 2.756265616e-08
1627 2.756265616e-08
1628 -1.292382308e-07
1629 2.756265616e-08
1630 2.756265616e-08
1631 2.756265616e-08
1632 2.756265616e-08
1633 2.756265616e-08
1634 -1.292382308e-07
1635 2.756265616e-08
1636 2.756265616e-08
1637 2.756265616e-08
1638 2.756265616e-08
1639 2.756265616e-08
1640 -1.292382308e-07
1641 2.756265616e-08
1642 2.756265616e-08
1643 2.756265616e-08
1644 2.756265616e-08
1645 2.756265616e-08
1646 -1.292382308e-07
1647 2.756265616e-08
1648 2.756265616e-08
1649 2.756265616e-08
1650 2.756265616e-08
1651 -1.292382308e-07
1652 2.756265616e-08
1653 2.756265616e-08
1654 2.756265616e-08
1655 2.756265616e-08
1656 2.756265616e-08
1657 -1.292382308e-07
1658 2.756265616e-08
1659 2.756265616e-08
1660 2.756265616e-08
1661 2.756265616e-08
1662 2.756265616e-08
1663 -1.292382308e-07
1664 2.756265616e-08
1665 2.756265616e-08
1666 2.756265616e-08
1667 2.756265616e-08
1668 -1.292382308e-07
1669 2.756265616e-08
1670 2.756265616e-08
1671 2.756265616e-08
1672 2.756265616e-08
1673 2.756265616e-08
1674 -1.292382308e-07
1675 2.756265616e-08
1676 2.756265616e-08
1677 2.756265616e-08
1678 2.756265616e-08
1679 2.756265616e-08
1680 -1.292382308e-07
1681 2.756265616e-08
1682 2.756265616e-08
1683 2.756265616e-08
1684 2.756265616e-08
1685 -1.292382308e-07
1686 2.756265616e-08
1687 2.756265616e-08
1688 2.756265616e-08
1689 2.756265616e-08
1690 2.756265616e-08
1691 -1.292382308e-07
1692 2.756265616e-08
1693 2.756265616e-08
1694 2.756265616e-08
1695 2.756265616e-08
1696 2.756265616e-08
1697 -1.292382308e-07
1698 2.756265616e-08
1699 2.756265616e-08
1700 2.756265616e-08
1701 2.756265616e-08
1702 -1.292382308e-07
1703 2.756265616e-08
1704 2.756265616e-08
1705 2.756265616e-08
1706 2.756265616e-08
1707 2.756265616e-08
1708 -1.292382308e-07
1709 2.756265616e-08
1710 2.756265616e-08
1711 2.756265616e-08
1712 2.756265616e-08
1713 2.756265616e-08
1714 -1.292382308e-07
1715 2.756265616e-08
1716 2.756265616e-08
1717 2.756265616e-08
1718 2.756265616e-08
1719 -1.292382308e-07
1720 2.756265616e-08
1721 2.756265616e-08
1722 2.756265616e-08
1723 2.756265616e-08
1724 2.756265616e-08
1725 -1.292382308e-07
1726 2.756265616e-08
1727 2.756265616e-08
1728 2.756265616e-08
1729 2.756265616e-08
1730 2.756265616e-08
1731 -1.292382308e-07
1732 2.756265616e-08
1733 2.756265616e-08
1734 2.756265616e-08
1735 2.756265616e-08
1736 2.756265616e-08
1737 -1.292382308e-07
1738 2.756265616e-08
1739 2.756265616e-08
1740 2.756265616e-08
1741 2.756265616e-08
1742 -1.292382308e-07
1743 2.756265616e-08
1744 2.756265616e-08
1745 2.756265616e-08
1746 2.756265616e-08
1747 2.756265616e-08
1748 -1.292382308e-07
1749 2.756265616e-08
1750 2.756265616e-08
1751 2.756265616e-08
1752 2.756265616e-08
1753 2.756265616e-08
1754 -1.292382308e-07
1755 2.756265616e-08
1756 2.756265616e-08
1757 2.756265616e-08
1758 2.756265616e-08
1759 -1.292382308e-07
1760 2.756265616e-08
1761 2.756265616e-08
1762 2.756265616e-08
1763 2.756265616e-08
1764 2.756265616e-08
1765 -1.292382308e-07
1766 2.756265616e-08
1767 2.756265616e-08
1768 2.756265616e-08
1769 2.756265616e-08
1770 2.756265616e-08
1771 -1.292382308e-07
1772 2.756265616e-08
1773 2.756265616e-08
1774 2.756265616e-08
1775 2.756265616e-08
1776 -1.292382308e-07
1777 2.756265616e-08
1778 2.756265616e-08
1779 2.756265616e-08
1780 2.756265616e-08
1781 2.756265616e-08
1782 -1.292382308e-07
1783 2.756265616e-08
1784 2.756265616e-08
1785 2.756265616e-08
1786 2.756265616e-08
1787 2.756265616e-08
1788 -1.292382308e-07
1789 2.756265616e-08
1790 2.756265616e-08
1791 2.756265616e-08
1792 2.756265616e-08
1793 -1.292382308e-07
1794 2.756265616e-08
1795 2.756265616e-08
1796 2.756265616e-08
1797 2.756265616e-08
1798 2.756265616e-08
1799 -1.292382308e-07
1800 2.756265616e-08
1801 2.756265616e-08
1802 2.756265616e-08
1803 2.756265616e-08
1804 2.756265616e-08
1805 -1.292382308e-07
1806 2.756265616e-08
1807 2.756265616e-08
1808 2.756265616e-08
1809 2.756265616e-08
1810 -1.292382308e-07
1811 2.756265616e-08
1812 2.756265616e-08
1813 2.756265616e-08
1814 2.756265616e-08
1815 2.756265616e-08
1816 -1.292382308e-07
1817 2.756265616e-08
1818 2.756265616e-08
1819 2.756265616e-08
1820 2.756265616e-08
1821 2.756265616e-08
1822 -1.292382308e-07
1823 2.756265616e-08
1824 2.756265616e-08
1825 2.756265616e-08
1826 2.756265616e-08
1827 2.756265616e-08
1828 -1.292382308e-07
1829 2.756265616e-08
1830 2.756265616e-08
1831 2.756265616e-08
1832 2.756265616e-08
1833 -1.292382308e-07
1834 2.756265616e-08
1835 2.756265616e-08
1836 2.756265616e-08
1837 2.756265616e-08
1838 2.756265616e-08
1839 -1.292382308e-07
1840 2.756265616e-08
1841 2.756265616e-08
1842 2.756265616e-08
1843 2.756265616e-08
1844 2.756265616e-08
1845 -1.292382308e-07
1846 2.756265616e-08
1847 2.756265616e-08
1848 2.756265616e-08
1849 2.756265616e-08
1850 -1.292382308e-07
1851 2.756265616e-08
1852 2.756265616e-08
1853 2.756265616e-08
1854 2.756265616e-08
1855 2.756265616e-08
1856 -1.292382308e-07
1857 2.756265616e-08
1858 2.756265616e-08
1859 2.756265616e-08
1860 2.756265616e-08
1861 2.756265616e-08
1862 -1.292382308e-07
1863 2.756265616e-08
1864 2.756265616e-08
1865 2.756265616e-08
1866 2.756265616e-08
1867 -1.292382308e-07
1868 2.756265616e-08
1869 2.756265616e-08
1870 2.756265616e-08
1871 2.756265616e-08
1872 2.756265616e-08
1873 -1.292382308e-07
1874 2.756265616e-08
1875 2.756265616e-08
1876 2.756265616e-08
1877 2.756265616e-08
1878 2.756265616e-08
1879 -1.292382308e-07
1880 2.756265616e-08
1881 2.756265616e-08
1882 2.756265616e-08
1883 2.756265616e-08
1884 -1.292382308e-07
1885 2.756265616e-08
1886 2.756265616e-08
1887 2.756265616e-08
1888 2.756265616e-08
1889 2.756265616e-08
1890 -1.292382308e-07
1891 2.756265616e-08
1892 2.756265616e-08
1893 2.756265616e-08
1894 2.756265616e-08
1895 2.756265616e-08
1896 -1.292382308e-07
1897 2.756265616e-08
1898 2.756265616e-08
1899 2.756265616e-08
1900 2.756265616e-08
1901 2.756265616e-08
1902 -1.292382308e-07
1903 2.756265616e-08
1904 2.756265616e-08
1905 2.756265616e-08
1906 2.756265616e-08
1907 -1.292382308e-07
1908 2.756265616e-08
1909 2.756265616e-08
1910 2.756265616e-08
1911 2.756265616e-08
1912 2.756265616e-08
1913 -1.292382308e-07
1914 2.756265616e-08
1915 2.756265616e-08
1916 2.756265616e-08
1917 2.756265616e-08
1918 2.756265616e-08
1919 -1.292382308e-07
1920 2.756265616e-08
1921 2.756265616e-08
1922 2.756265616e-08
1923 2.756265616e-08
1924 -1.292382308e-07
1925 2.756265616e-08
1926 2.756265616e-08
1927 2.756265616e-08
1928 2.756265616e-08
1929 2.756265616e-08
1930 -1.292382308e-07
1931 2.756265616e-08
1932 2.756265616e-08
1933 2.756265616e-08
1934 2.756265616e-08
1935 2.756265616e-08
1936 -1.292382308e-07
1937 2.756265616e-08
1938 2.756265616e-08
1939 2.756265616e-08
1940 2.756265616e-08
1941 -1.292382308e-07
1942 2.756265616e-08
1943 2.756265616e-08
1944 2.756265616e-08
1945 2.756265616e-08
1946 2.756265616e-08
1947 -1.292382308e-07
1948 2.756265616e-08
1949 2.756265616e-08
1950 2.756265616e-08
1951 2.756265616e-08
1952 2.756265616e-08
1953 -1.292382308e-07
1954 2.756265616e-08
1955 2.756265616e-08
1956 2.756265616e-08
1957 2.756265616e-08
1958 -1.292382308e-07
1959 2.756265616e-08
1960 2.756265616e-08
1961 2.756265616e-08
1962 2.756265616e-08
1963 2.756265616e-08
1964 -1.292382308e-07
1965 2.756265616e-08
1966 2.756265616e-08
1967 2.756265616e-08
1968 2.756265616e-08
1969 2.756265616e-08
1970 -1.292382308e-07
1971 2.756265616e-08
1972 2.756265616e-08
1973 2.756265616e-08
1974 2.756265616e-08
1975 -1.292382308e-07
1976 2.756265616e-08
1977 2.756265616e-08
1978 2.756265616e-08
1979 2.756265616e-08
1980 2.756265616e-08
1981 -1.292382308e-07
1982 2.756265616e-08
1983 2.756265616e-08
1984 2.756265616e-08
1985 2.756265616e-08
1986 2.756265616e-08
1987 -1.292382308e-07
1988 2.756265616e-08
1989 2.756265616e-08
1990 2.756265616e-08
1991 2.756265616e-08
1992 2.756265616e-08
1993 -1.292382308e-07
1994 2.756265616e-08
1995 2.756265616e-08
1996 2.756265616e-08
1997 2.756265616e-08
1998 -1.292382308e-07
1999 2.756265616e-08
2000 2.756265616e-08
2001 0
