1 50
2 50.04924011
3 50.09844208
4 50.14760208
5 50.19672394
6 50.24580383
7 50.29484177
8 50.34383774
9 50.39279175
10 50.44169998
11 50.49056625
12 50.53938675
13 50.58816147
14 50.63689041
15 50.68557358
16 50.73421097
17 50.78280258
18 50.8313446
19 50.87984085
20 50.92828751
21 50.97668839
22 51.02503967
23 51.07334137
24 51.12159729
25 51.16980362
26 51.21796036
27 51.2660675
28 51.31412888
29 51.36214066
30 51.41010284
31 51.45801544
32 51.50587845
33 51.55369568
34 51.60146332
35 51.64918137
36 51.69685364
37 51.74447632
38 51.79205322
39 51.83958435
40 51.8870697
41 51.93450546
42 51.98189545
43 52.02924347
44 52.07654572
45 52.12380219
46 52.17101669
47 52.21818924
48 52.26531982
49 52.31240845
50 52.35945511
51 52.40645981
52 52.45342636
53 52.50035477
54 52.54724503
55 52.59409332
56 52.64090347
57 52.68767166
58 52.7344017
59 52.78108978
60 52.8277359
61 52.87434387
62 52.92090988
63 52.96743393
64 53.01391602
65 53.06035614
66 53.1067543
67 53.1531105
68 53.19942093
69 53.24568939
70 53.29191589
71 53.33809662
72 53.38423538
73 53.43032837
74 53.47637939
75 53.52238464
76 53.56834412
77 53.61426163
78 53.66013336
79 53.70595932
80 53.7517395
81 53.79747391
82 53.84316254
83 53.88880539
84 53.93439865
85 53.97994614
86 54.02544785
87 54.07089996
88 54.1163063
89 54.16166306
90 54.20697403
91 54.25223541
92 54.29745102
93 54.34261703
94 54.38773346
95 54.43280029
96 54.47781754
97 54.52278519
98 54.56770325
99 54.61257172
100 54.65739059
101 54.70215607
102 54.74687195
103 54.79153824
104 54.83615112
105 54.88071442
106 54.9252243
107 54.9696846
108 55.01409149
109 55.05844498
110 55.10274887
111 55.14699936
112 55.19119644
113 55.23534012
114 55.27943039
115 55.32346725
116 55.36745071
117 55.41137695
118 55.45524979
119 55.49906921
120 55.54283142
121 55.58654022
122 55.6301918
123 55.67378998
124 55.71733093
125 55.76081848
126 55.80424881
127 55.84762192
128 55.89093781
129 55.93419647
130 55.97739792
131 56.02054214
132 56.06362915
133 56.10665894
134 56.1496315
135 56.19254684
136 56.23540115
137 56.27819824
138 56.32093811
139 56.36361694
140 56.40623856
141 56.44879913
142 56.49130249
143 56.53374481
144 56.5761261
145 56.61844635
146 56.66070557
147 56.70290756
148 56.74504852
149 56.78712845
150 56.82914352
151 56.87109756
152 56.91299057
153 56.95482254
154 56.99659348
155 57.03829956
156 57.07994461
157 57.12152481
158 57.16304398
159 57.20449829
160 57.24589157
161 57.28722
162 57.32848358
163 57.36968613
164 57.41082382
165 57.45189667
166 57.49290466
167 57.53384781
168 57.5747261
169 57.61553955
170 57.65628815
171 57.69697189
172 57.73759079
173 57.77814102
174 57.8186264
175 57.85904694
176 57.8993988
177 57.93968582
178 57.97990417
179 58.02005768
180 58.06014252
181 58.10015869
182 58.14011002
183 58.17999268
184 58.21980667
185 58.259552
186 58.29922867
187 58.33883667
188 58.37837601
189 58.41784668
190 58.45724869
191 58.49658203
192 58.53584671
193 58.57503891
194 58.61416245
195 58.65321732
196 58.69219971
197 58.73111343
198 58.76995468
199 58.80872726
200 58.84742737
201 58.88605881
202 58.92461777
203 58.96310425
204 59.00152206
205 59.0398674
206 59.07814026
207 59.11634064
208 59.15447235
209 59.19253922
210 59.23054123
211 59.26848221
212 59.30636597
213 59.3441925
214 59.38196182
215 59.41967773
216 59.45734024
217 59.49495316
218 59.53251648
219 59.57003403
220 59.6075058
221 59.64493179
222 59.68231583
223 59.7196312
224 59.75688934
225 59.7940979
226 59.8312645
227 59.86839676
228 59.90550232
229 59.94258881
230 59.97966003
231 60.01672363
232 60.05378342
233 60.0908432
234 60.12791061
235 60.16498566
236 60.20207596
237 60.23918152
238 60.27630997
239 60.31345749
240 60.35062408
241 60.38780975
242 60.4250145
243 60.46223831
244 60.4994812
245 60.53674316
246 60.5740242
247 60.61132431
248 60.64864349
249 60.68598175
250 60.72333908
251 60.76071167
252 60.79810333
253 60.83551407
254 60.87294006
255 60.91038513
256 60.94784546
257 60.98532486
258 61.02281952
259 61.06033325
260 61.09786224
261 61.13541031
262 61.17297363
263 61.21055603
264 61.24815369
265 61.2857666
266 61.32339478
267 61.36104202
268 61.39870453
269 61.43638229
270 61.47407913
271 61.51179123
272 61.5495224
273 61.58727264
274 61.62503815
275 61.66282272
276 61.70062637
277 61.7384491
278 61.77629089
279 61.81415176
280 61.85203171
281 61.88993073
282 61.927845
283 61.96577835
284 62.00373077
285 62.04170227
286 62.07968903
287 62.11769485
288 62.15571976
289 62.19375992
290 62.23181915
291 62.26989746
292 62.30799103
293 62.34610367
294 62.38423157
295 62.42237854
296 62.46054077
297 62.49872208
298 62.53691864
299 62.57513428
300 62.61336517
301 62.65161514
302 62.68988037
303 62.72816086
304 62.76646042
305 62.80477524
306 62.84310913
307 62.88145828
308 62.91982651
309 62.95821381
310 62.99662018
311 63.03504562
312 63.07349014
313 63.11195374
314 63.15044022
315 63.18894958
316 63.22747803
317 63.26602936
318 63.30460739
319 63.34320831
320 63.38183212
321 63.42048264
322 63.45915604
323 63.49785614
324 63.53658295
325 63.57534027
326 63.6141243
327 63.65293503
328 63.69177628
329 63.73064804
330 63.76955032
331 63.80848312
332 63.84744644
333 63.88644409
334 63.92547607
335 63.96453857
336 64.00363922
337 64.04277039
338 64.0819397
339 64.12114716
340 64.16039276
341 64.19967651
342 64.23899841
343 64.27835846
344 64.31775665
345 64.35719299
346 64.39667511
347 64.43619537
348 64.47576141
349 64.5153656
350 64.55501556
351 64.5947113
352 64.63445282
353 64.67424011
354 64.71407318
355 64.75395203
356 64.79388428
357 64.8338623
358 64.87388611
359 64.91396332
360 64.95409393
361 64.99427032
362 65.03450012
363 65.07478333
364 65.11511993
365 65.15550995
366 65.195961
367 65.23646545
368 65.27702332
369 65.31764221
370 65.35832214
371 65.39905548
372 65.43984985
373 65.48070526
374 65.5216217
375 65.56259918
376 65.6036377
377 65.64473724
378 65.68589783
379 65.72712708
380 65.76841736
381 65.80977631
382 65.85119629
383 65.89268494
384 65.93424225
385 65.97586823
386 66.01756287
387 66.05931854
388 66.10114288
389 66.14303589
390 66.18500519
391 66.22704315
392 66.26914978
393 66.31132507
394 66.35356903
395 66.39588165
396 66.43827057
397 66.48072815
398 66.52325439
399 66.56585693
400 66.60852814
401 66.65126801
402 66.69408417
403 66.73696899
404 66.77993011
405 66.8229599
406 66.86605835
407 66.90923309
408 66.9524765
409 66.9957962
410 67.03918457
411 67.08264923
412 67.12618256
413 67.16978455
414 67.21346283
415 67.25720978
416 67.30103302
417 67.34492493
418 67.3888855
419 67.43292236
420 67.47702789
421 67.52120972
422 67.56546021
423 67.60977936
424 67.6541748
425 67.69863892
426 67.74317169
427 67.78778076
428 67.8324585
429 67.8772049
430 67.92201996
431 67.96691132
432 68.01187134
433 68.05690002
434 68.10199738
435 68.14716339
436 68.19239807
437 68.23770142
438 68.28307343
439 68.3285141
440 68.37402344
441 68.41960144
442 68.46524811
443 68.51096344
444 68.55674744
445 68.6026001
446 68.64851379
447 68.69449615
448 68.74054718
449 68.78665924
450 68.83283997
451 68.87908173
452 68.92539215
453 68.97176361
454 69.01820374
455 69.0647049
456 69.11126709
457 69.15789795
458 69.20458984
459 69.25134277
460 69.29815674
461 69.34503174
462 69.39196777
463 69.43896484
464 69.48600006
465 69.53307343
466 69.58018494
467 69.62734222
468 69.67453766
469 69.72177124
470 69.7690506
471 69.8163681
472 69.86373138
473 69.91113281
474 69.95858002
475 70.006073
476 70.05360413
477 70.10118103
478 70.14879608
479 70.19645691
480 70.24416351
481 70.29190826
482 70.33969879
483 70.3875351
484 70.43540955
485 70.48332977
486 70.53128815
487 70.5792923
488 70.62734222
489 70.6754303
490 70.72356415
491 70.77173615
492 70.81995392
493 70.86820984
494 70.91650391
495 70.96484375
496 71.01322174
497 71.06163788
498 71.11009216
499 71.15858459
500 71.20711517
501 71.2556839
502 71.30428314
503 71.35292053
504 71.40159607
505 71.45030212
506 71.49904633
507 71.54782104
508 71.59662628
509 71.64546204
510 71.69433594
511 71.74324036
512 71.79217529
513 71.84114075
514 71.89012909
515 71.93914795
516 71.98819733
517 72.03727722
518 72.08638
519 72.13551331
520 72.18466949
521 72.2338562
522 72.2830658
523 72.33229828
524 72.38156128
525 72.43084717
526 72.48015594
527 72.52948761
528 72.57884216
529 72.62822723
530 72.67763519
531 72.72706604
532 72.77651978
533 72.82598877
534 72.87548065
535 72.92499542
536 72.97453308
537 73.024086
538 73.0736618
539 73.1232605
540 73.17287445
541 73.22251129
542 73.27216339
543 73.32183075
544 73.371521
545 73.4212265
546 73.47094727
547 73.52068329
548 73.57043457
549 73.62020111
550 73.66998291
551 73.71977997
552 73.76959229
553 73.81941986
554 73.86925507
555 73.91910553
556 73.96897125
557 74.0188446
558 74.06873322
559 74.11862946
560 74.16853333
561 74.21845245
562 74.26837921
563 74.3183136
564 74.36825562
565 74.41820526
566 74.46816254
567 74.51812744
568 74.56809235
569 74.61806488
570 74.66804504
571 74.71802521
572 74.768013
573 74.81800079
574 74.86799622
575 74.91799164
576 74.96798706
577 75.01798248
578 75.06798553
579 75.11798859
580 75.16799164
581 75.21798706
582 75.26798248
583 75.31797791
584 75.36797333
585 75.41796112
586 75.46794891
587 75.51793671
588 75.56791687
589 75.6178894
590 75.66786194
591 75.71782684
592 75.76778412
593 75.81774139
594 75.86769104
595 75.91763306
596 75.96756744
597 76.0174942
598 76.06741333
599 76.11733246
600 76.16724396
601 76.2171402
602 76.26702881
603 76.31690979
604 76.36678314
605 76.41664886
606 76.46650696
607 76.51635742
608 76.56620026
609 76.61602783
610 76.66584778
611 76.7156601
612 76.76545715
613 76.81524658
614 76.86502838
615 76.91479492
616 76.96455383
617 77.01430511
618 77.06404114
619 77.11376953
620 77.16348267
621 77.21318817
622 77.26287842
623 77.31256104
624 77.36223602
625 77.41189575
626 77.46154022
627 77.51117706
628 77.56079865
629 77.6104126
630 77.66001129
631 77.70960236
632 77.75917816
633 77.80874634
634 77.85829926
635 77.90783691
636 77.95736694
637 78.00688171
638 78.05638885
639 78.10588074
640 78.15535736
641 78.20482635
642 78.25428009
643 78.30371857
644 78.35314941
645 78.402565
646 78.45196533
647 78.50135803
648 78.55073547
649 78.60009766
650 78.64945221
651 78.6987915
652 78.74811554
653 78.79743195
654 78.84673309
655 78.89601898
656 78.94529724
657 78.99456024
658 79.04380798
659 79.0930481
660 79.14227295
661 79.19148254
662 79.24068451
663 79.28987122
664 79.33904266
665 79.38820648
666 79.43735504
667 79.48649597
668 79.53562164
669 79.58473206
670 79.63383484
671 79.68292236
672 79.73199463
673 79.78105927
674 79.83010864
675 79.87914276
676 79.92816925
677 79.97718048
678 80.02617645
679 80.07516479
680 80.12413788
681 80.1730957
682 80.2220459
683 80.27098083
684 80.31990051
685 80.36881256
686 80.41770935
687 80.46659851
688 80.51547241
689 80.56433105
690 80.61318207
691 80.66201782
692 80.71084595
693 80.75965881
694 80.80845642
695 80.8572464
696 80.90602112
697 80.95478821
698 81.00354004
699 81.05228424
700 81.10101318
701 81.14972687
702 81.19843292
703 81.24712372
704 81.29580688
705 81.34447479
706 81.39313507
707 81.44178009
708 81.49041748
709 81.53903961
710 81.58765411
711 81.63625336
712 81.68484497
713 81.73342896
714 81.78199768
715 81.83055878
716 81.87910461
717 81.92764282
718 81.9761734
719 82.02468872
720 82.07319641
721 82.12169647
722 82.17018127
723 82.21865845
724 82.26712799
725 82.31558228
726 82.36402893
727 82.41246796
728 82.46089935
729 82.50931549
730 82.557724
731 82.60612488
732 82.65451813
733 82.70290375
734 82.75127411
735 82.79963684
736 82.84799194
737 82.89633942
738 82.94467926
739 82.99301147
740 83.04133606
741 83.08965302
742 83.13796234
743 83.18626404
744 83.23455811
745 83.28284454
746 83.33112335
747 83.37939453
748 83.42765808
749 83.475914
750 83.52416992
751 83.57241821
752 83.62065887
753 83.66889191
754 83.71711731
755 83.76534271
756 83.81356049
757 83.86177063
758 83.90997314
759 83.95817566
760 84.00637054
761 84.05456543
762 84.10275269
763 84.15093231
764 84.19911194
765 84.24728394
766 84.29545593
767 84.3436203
768 84.39178467
769 84.43994141
770 84.48809814
771 84.53625488
772 84.58440399
773 84.6325531
774 84.68070221
775 84.72884369
776 84.77698517
777 84.82512665
778 84.87326813
779 84.92140961
780 84.96954346
781 85.01767731
782 85.06581116
783 85.11394501
784 85.16207886
785 85.21021271
786 85.25834656
787 85.30648041
788 85.35461426
789 85.40274811
790 85.45088196
791 85.49901581
792 85.54715729
793 85.59529877
794 85.64344025
795 85.69158173
796 85.73972321
797 85.78787231
798 85.83602142
799 85.88417053
800 85.93232727
801 85.98048401
802 86.02864838
803 86.07681274
804 86.12498474
805 86.17315674
806 86.22133636
807 86.26951599
808 86.31770325
809 86.3658905
810 86.41408539
811 86.4622879
812 86.51049042
813 86.55870056
814 86.60691833
815 86.65514374
816 86.70336914
817 86.75160217
818 86.79984283
819 86.84809113
820 86.89634705
821 86.9446106
822 86.99288177
823 87.04116058
824 87.08944702
825 87.13774109
826 87.18604279
827 87.23435211
828 87.28266907
829 87.33099365
830 87.37932587
831 87.42767334
832 87.47602844
833 87.52439117
834 87.57276154
835 87.62114716
836 87.66954041
837 87.71794128
838 87.76635742
839 87.81478119
840 87.86321259
841 87.91165924
842 87.96011353
843 88.00858307
844 88.05706024
845 88.10555267
846 88.15405273
847 88.20256805
848 88.251091
849 88.29962921
850 88.34817505
851 88.39673615
852 88.44530487
853 88.49388885
854 88.5424881
855 88.59109497
856 88.6397171
857 88.68835449
858 88.73699951
859 88.78565979
860 88.83433533
861 88.88302612
862 88.93172455
863 88.98043823
864 89.02916718
865 89.07791138
866 89.12667084
867 89.17543793
868 89.22422028
869 89.27301788
870 89.32183075
871 89.37065887
872 89.41950226
873 89.46835327
874 89.51721954
875 89.56610107
876 89.61499786
877 89.66390991
878 89.71283722
879 89.76177979
880 89.81073761
881 89.85970306
882 89.90868378
883 89.95767975
884 90.00669098
885 90.05571747
886 90.10475922
887 90.15380859
888 90.20287323
889 90.25195312
890 90.30104828
891 90.35015106
892 90.3992691
893 90.4484024
894 90.49755096
895 90.54670715
896 90.5958786
897 90.64506531
898 90.69425964
899 90.74346924
900 90.79269409
901 90.84192657
902 90.89117432
903 90.94043732
904 90.98970795
905 91.03899384
906 91.08828735
907 91.13759613
908 91.18691254
909 91.2362442
910 91.2855835
911 91.33493805
912 91.38430023
913 91.43367767
914 91.48306274
915 91.53246307
916 91.58187103
917 91.63129425
918 91.6807251
919 91.73016357
920 91.77961731
921 91.82907867
922 91.8785553
923 91.92803955
924 91.97753143
925 92.02703857
926 92.07655334
927 92.12607574
928 92.17560577
929 92.22515106
930 92.27470398
931 92.32426453
932 92.3738327
933 92.42341614
934 92.4730072
935 92.5226059
936 92.57221222
937 92.62182617
938 92.67144775
939 92.72108459
940 92.77072906
941 92.82038116
942 92.87004089
943 92.91970825
944 92.96938324
945 93.01906586
946 93.0687561
947 93.11845398
948 93.16815948
949 93.21787262
950 93.26759338
951 93.31732178
952 93.3670578
953 93.41680145
954 93.46655273
955 93.51631165
956 93.56607819
957 93.61584473
958 93.6656189
959 93.7154007
960 93.76519012
961 93.81498718
962 93.86479187
963 93.91459656
964 93.96440887
965 94.01422882
966 94.0640564
967 94.11388397
968 94.16371918
969 94.21356201
970 94.26340485
971 94.31325531
972 94.3631134
973 94.4129715
974 94.46283722
975 94.51271057
976 94.56258392
977 94.6124649
978 94.66235352
979 94.71224213
980 94.76213837
981 94.81203461
982 94.86193848
983 94.91184235
984 94.96175385
985 95.01166534
986 95.06158447
987 95.1115036
988 95.16143036
989 95.21135712
990 95.2612915
991 95.31122589
992 95.36116791
993 95.41110992
994 95.46105194
995 95.51100159
996 95.56095123
997 95.61090088
998 95.66085815
999 95.71081543
1000 95.76078033
1001 95.81074524
1002 95.86071014
1003 95.91067505
1004 95.96064758
1005 96.01062012
1006 96.06059265
1007 96.11056519
1008 96.16054535
1009 96.21052551
1010 96.26050568
1011 96.31048584
1012 96.360466
1013 96.4104538
1014 96.46044159
1015 96.51042938
1016 96.56041718
1017 96.61040497
1018 96.66039276
1019 96.71038055
1020 96.76037598
1021 96.8103714
1022 96.86036682
1023 96.91036224
1024 96.96035767
1025 97.01035309
1026 97.06034851
1027 97.11034393
1028 97.16033936
1029 97.21033478
1030 97.2603302
1031 97.31032562
1032 97.36032104
1033 97.41031647
1034 97.46031189
1035 97.51030731
1036 97.56030273
1037 97.61029816
1038 97.66029358
1039 97.710289
1040 97.76028442
1041 97.81027985
1042 97.86027527
1043 97.91027069
1044 97.96026611
1045 98.01026154
1046 98.06025696
1047 98.11026001
1048 98.16026306
1049 98.21026611
1050 98.26026917
1051 98.31027222
1052 98.36027527
1053 98.41027832
1054 98.46028137
1055 98.51028442
1056 98.56028748
1057 98.61029053
1058 98.66029358
1059 98.71029663
1060 98.76029968
1061 98.81030273
1062 98.86030579
1063 98.91030884
1064 98.96031189
1065 99.01031494
1066 99.06031799
1067 99.11032104
1068 99.1603241
1069 99.21032715
1070 99.2603302
1071 99.31033325
1072 99.3603363
1073 99.41033936
1074 99.46034241
1075 99.51034546
1076 99.56034851
1077 99.61035156
1078 99.66035461
1079 99.71035767
1080 99.76036072
1081 99.81036377
1082 99.86036682
1083 99.91036987
1084 99.96037292
1085 100.010376
1086 100.060379
1087 100.1103821
1088 100.1603851
1089 100.2103882
1090 100.2603912
1091 100.3103943
1092 100.3603973
1093 100.4104004
1094 100.4604034
1095 100.5104065
1096 100.5604095
1097 100.6104126
1098 100.6604156
1099 100.7104187
1100 100.7604218
1101 100.8104248
1102 100.8604279
1103 100.9104309
1104 100.960434
1105 101.010437
1106 101.0604401
1107 101.1104431
1108 101.1604462
1109 101.2104492
1110 101.2604523
1111 101.3104553
1112 101.3604584
1113 101.4104614
1114 101.4604645
1115 101.5104675
1116 101.5604706
1117 101.6104736
1118 101.6604767
1119 101.7104797
1120 101.7604828
1121 101.8104858
1122 101.8604889
1123 101.9104919
1124 101.960495
1125 102.010498
1126 102.0605011
1127 102.1105042
1128 102.1605072
1129 102.2105103
1130 102.2605133
1131 102.3105164
1132 102.3605194
1133 102.4105225
1134 102.4605255
1135 102.5105286
1136 102.5605316
1137 102.6105347
1138 102.6605377
1139 102.7105408
1140 102.7605438
1141 102.8105469
1142 102.8605499
1143 102.910553
1144 102.960556
1145 103.0105591
1146 103.0605621
1147 103.1105652
1148 103.1605682
1149 103.2105713
1150 103.2605743
1151 103.3105774
1152 103.3605804
1153 103.4105835
1154 103.4605865
1155 103.5105896
1156 103.5605927
1157 103.6105957
1158 103.6605988
1159 103.7106018
1160 103.7606049
1161 103.8106079
1162 103.860611
1163 103.910614
1164 103.9606171
1165 104.0106201
1166 104.0606232
1167 104.1106262
1168 104.1606293
1169 104.2106323
1170 104.2606354
1171 104.3106384
1172 104.3606415
1173 104.4106445
1174 104.4606476
1175 104.5106506
1176 104.5606537
1177 104.6106567
1178 104.6606598
1179 104.7106628
1180 104.7606659
1181 104.8106689
1182 104.860672
1183 104.910675
1184 104.9606781
1185 105.0106812
1186 105.0606842
1187 105.1106873
1188 105.1606903
1189 105.2106934
1190 105.2606964
1191 105.3106995
1192 105.3607025
1193 105.4107056
1194 105.4607086
1195 105.5107117
1196 105.5607147
1197 105.6107178
1198 105.6607208
1199 105.7107239
1200 105.7607269
1201 105.81073
1202 105.860733
1203 105.9107361
1204 105.9607391
1205 106.0107422
1206 106.0607452
1207 106.1107483
1208 106.1607513
1209 106.2107544
1210 106.2607574
1211 106.3107605
1212 106.3607635
1213 106.4107666
1214 106.4607697
1215 106.5107727
1216 106.5607758
1217 106.6107788
1218 106.6607819
1219 106.7107849
1220 106.760788
1221 106.810791
1222 106.8607941
1223 106.9107971
1224 106.9608002
1225 107.0108032
1226 107.0608063
1227 107.1108093
1228 107.1608124
1229 107.2108154
1230 107.2608185
1231 107.3108215
1232 107.3608246
1233 107.4108276
1234 107.4608307
1235 107.5108337
1236 107.5608368
1237 107.6108398
1238 107.6608429
1239 107.7108459
1240 107.760849
1241 107.8108521
1242 107.8608551
1243 107.9108582
1244 107.9608612
1245 108.0108643
1246 108.0608673
1247 108.1108704
1248 108.1608734
1249 108.2108765
1250 108.2608795
1251 108.3108826
1252 108.3608856
1253 108.4108887
1254 108.4608917
1255 108.5108948
1256 108.5608978
1257 108.6109009
1258 108.6609039
1259 108.710907
1260 108.76091
1261 108.8109131
1262 108.8609161
1263 108.9109192
1264 108.9609222
1265 109.0109253
1266 109.0609283
1267 109.1109314
1268 109.1609344
1269 109.2109375
1270 109.2609406
1271 109.3109436
1272 109.3609467
1273 109.4109497
1274 109.4609528
1275 109.5109558
1276 109.5609589
1277 109.6109619
1278 109.660965
1279 109.710968
1280 109.7609711
1281 109.8109741
1282 109.8609772
1283 109.9109802
1284 109.9609833
1285 110.0109863
1286 110.0609894
1287 110.1109924
1288 110.1609955
1289 110.2109985
1290 110.2610016
1291 110.3110046
1292 110.3610077
1293 110.4110107
1294 110.4610138
1295 110.5110168
1296 110.5610199
1297 110.6110229
1298 110.661026
1299 110.7110291
1300 110.7610321
1301 110.8110352
1302 110.8610382
1303 110.9110413
1304 110.9610443
1305 111.0110474
1306 111.0610504
1307 111.1110535
1308 111.1610565
1309 111.2110596
1310 111.2610626
1311 111.3110657
1312 111.3610687
1313 111.4110718
1314 111.4610748
1315 111.5110779
1316 111.5610809
1317 111.611084
1318 111.661087
1319 111.7110901
1320 111.7610931
1321 111.8110962
1322 111.8610992
1323 111.9111023
1324 111.9611053
1325 112.0111084
1326 112.0611115
1327 112.1111145
1328 112.1611176
1329 112.2111206
1330 112.2611237
1331 112.3111267
1332 112.3611298
1333 112.4111328
1334 112.4611359
1335 112.5111389
1336 112.561142
1337 112.611145
1338 112.6611481
1339 112.7111511
1340 112.7611542
1341 112.8111572
1342 112.8611603
1343 112.9111633
1344 112.9611664
1345 113.0111694
1346 113.0611725
1347 113.1111755
1348 113.1611786
1349 113.2111816
1350 113.2611847
1351 113.3111877
1352 113.3611908
1353 113.4111938
1354 113.4611969
1355 113.5112
1356 113.561203
1357 113.6112061
1358 113.6612091
1359 113.7112122
1360 113.7612152
1361 113.8112183
1362 113.8612213
1363 113.9112244
1364 113.9612274
1365 114.0112305
1366 114.0612335
1367 114.1112366
1368 114.1612396
1369 114.2112427
1370 114.2612457
1371 114.3112488
1372 114.3612518
1373 114.4112549
1374 114.4612579
1375 114.511261
1376 114.561264
1377 114.6112671
1378 114.6612701
1379 114.7112732
1380 114.7612762
1381 114.8112793
1382 114.8612823
1383 114.9112854
1384 114.9612885
1385 115.0112915
1386 115.0612946
1387 115.1112976
1388 115.1613007
1389 115.2113037
1390 115.2613068
1391 115.3113098
1392 115.3613129
1393 115.4113159
1394 115.461319
1395 115.511322
1396 115.5613251
1397 115.6113281
1398 115.6613312
1399 115.7113342
1400 115.7613373
1401 115.8113403
1402 115.8613434
1403 115.9113464
1404 115.9613495
1405 116.0113525
1406 116.0613556
1407 116.1113586
1408 116.1613617
1409 116.2113647
1410 116.2613678
1411 116.3113708
1412 116.3613739
1413 116.411377
1414 116.46138
1415 116.5113831
1416 116.5613861
1417 116.6113892
1418 116.6613922
1419 116.7113953
1420 116.7613983
1421 116.8114014
1422 116.8614044
1423 116.9114075
1424 116.9614105
1425 117.0114136
1426 117.0614166
1427 117.1114197
1428 117.1614227
1429 117.2114258
1430 117.2614288
1431 117.3114319
1432 117.3614349
1433 117.411438
1434 117.461441
1435 117.5114441
1436 117.5614471
1437 117.6114502
1438 117.6614532
1439 117.7114563
1440 117.7614594
1441 117.8114624
1442 117.8614655
1443 117.9114685
1444 117.9614716
1445 118.0114746
1446 118.0614777
1447 118.1114807
1448 118.1614838
1449 118.2114868
1450 118.2614899
1451 118.3114929
1452 118.361496
1453 118.411499
1454 118.4615021
1455 118.5115051
1456 118.5615082
1457 118.6115112
1458 118.6615143
1459 118.7115173
1460 118.7615204
1461 118.8115234
1462 118.8615265
1463 118.9115295
1464 118.9615326
1465 119.0115356
1466 119.0615387
1467 119.1115417
1468 119.1615448
1469 119.2115479
1470 119.2615509
1471 119.311554
1472 119.361557
1473 119.4115601
1474 119.4615631
1475 119.5115662
1476 119.5615692
1477 119.6115723
1478 119.6615753
1479 119.7115784
1480 119.7615814
1481 119.8115845
1482 119.8615875
1483 119.9115906
1484 119.9615936
1485 120.0115967
1486 120.0615997
1487 120.1116028
1488 120.1616058
1489 120.2116089
1490 120.2616119
1491 120.311615
1492 120.361618
1493 120.4116211
1494 120.4616241
1495 120.5116272
1496 120.5616302
1497 120.6116333
1498 120.6616364
1499 120.7116394
1500 120.7616425
1501 120.8116455
1502 120.8616486
1503 120.9116516
1504 120.9616547
1505 121.0116577
1506 121.0616608
1507 121.1116638
1508 121.1616669
1509 121.2116699
1510 121.261673
1511 121.311676
1512 121.3616791
1513 121.4116821
1514 121.4616852
1515 121.5116882
1516 121.5616913
1517 121.6116943
1518 121.6616974
1519 121.7117004
1520 121.7617035
1521 121.8117065
1522 121.8617096
1523 121.9117126
1524 121.9617157
1525 122.0117188
1526 122.0617218
1527 122.1117249
1528 122.1617279
1529 122.211731
1530 122.261734
1531 122.3117371
1532 122.3617401
1533 122.4117432
1534 122.4617462
1535 122.5117493
1536 122.5617523
1537 122.6117554
1538 122.6617584
1539 122.7117615
1540 122.7617645
1541 122.8117676
1542 122.8617706
1543 122.9117737
1544 122.9617767
1545 123.0117798
1546 123.0617828
1547 123.1117859
1548 123.1617889
1549 123.211792
1550 123.261795
1551 123.3117981
1552 123.3618011
1553 123.4118042
1554 123.4618073
1555 123.5118103
1556 123.5618134
1557 123.6118164
1558 123.6618195
1559 123.7118225
1560 123.7618256
1561 123.8118286
1562 123.8618317
1563 123.9118347
1564 123.9618378
1565 124.0118408
1566 124.0618439
1567 124.1118469
1568 124.16185
1569 124.211853
1570 124.2618561
1571 124.3118591
1572 124.3618622
1573 124.4118652
1574 124.4618683
1575 124.5118713
1576 124.5618744
1577 124.6118774
1578 124.6618805
1579 124.7118835
1580 124.7618866
1581 124.8118896
1582 124.8618927
1583 124.9118958
1584 124.9618988
1585 125.0119019
1586 125.0619049
1587 125.111908
1588 125.161911
1589 125.2119141
1590 125.2619171
1591 125.3119202
1592 125.3619232
1593 125.4119263
1594 125.4619293
1595 125.5119324
1596 125.5619354
1597 125.6119385
1598 125.6619415
1599 125.7119446
1600 125.7619476
1601 125.8119507
1602 125.8619537
1603 125.9119568
1604 125.9619598
1605 126.0119629
1606 126.0619659
1607 126.111969
1608 126.161972
1609 126.2119751
1610 126.2619781
1611 126.3119812
1612 126.3619843
1613 126.4119873
1614 126.4619904
1615 126.5119934
1616 126.5619965
1617 126.6119995
1618 126.6620026
1619 126.7120056
1620 126.7620087
1621 126.8120117
1622 126.8620148
1623 126.9120178
1624 126.9620209
1625 127.0120239
1626 127.062027
1627 127.11203
1628 127.1620331
1629 127.2120361
1630 127.2620392
1631 127.3120422
1632 127.3620453
1633 127.4120483
1634 127.4620514
1635 127.5120544
1636 127.5620575
1637 127.6120605
1638 127.6620636
1639 127.7120667
1640 127.7620697
1641 127.8120728
1642 127.8620758
1643 127.9120789
1644 127.9620819
1645 128.012085
1646 128.062088
1647 128.1120911
1648 128.1620941
1649 128.2120972
1650 128.2621002
1651 128.3121033
1652 128.3621063
1653 128.4121094
1654 128.4621124
1655 128.5121155
1656 128.5621185
1657 128.6121216
1658 128.6621246
1659 128.7121277
1660 128.7621307
1661 128.8121338
1662 128.8621368
1663 128.9121399
1664 128.9621429
1665 129.012146
1666 129.062149
1667 129.1121521
1668 129.1621552
1669 129.2121582
1670 129.2621613
1671 129.3121643
1672 129.3621674
1673 129.4121704
1674 129.4621735
1675 129.5121765
1676 129.5621796
1677 129.6121826
1678 129.6621857
1679 129.7121887
1680 129.7621918
1681 129.8121948
1682 129.8621979
1683 129.9122009
1684 129.962204
1685 130.012207
1686 130.0622101
1687 130.1122131
1688 130.1622162
1689 130.2122192
1690 130.2622223
1691 130.3122253
1692 130.3622284
1693 130.4122314
1694 130.4622345
1695 130.5122375
1696 130.5622406
1697 130.6122437
1698 130.6622467
1699 130.7122498
1700 130.7622528
1701 130.8122559
1702 130.8622589
1703 130.912262
1704 130.962265
1705 131.0122681
1706 131.0622711
1707 131.1122742
1708 131.1622772
1709 131.2122803
1710 131.2622833
1711 131.3122864
1712 131.3622894
1713 131.4122925
1714 131.4622955
1715 131.5122986
1716 131.5623016
1717 131.6123047
1718 131.6623077
1719 131.7123108
1720 131.7623138
1721 131.8123169
1722 131.8623199
1723 131.912323
1724 131.962326
1725 132.0123291
1726 132.0623322
1727 132.1123352
1728 132.1623383
1729 132.2123413
1730 132.2623444
1731 132.3123474
1732 132.3623505
1733 132.4123535
1734 132.4623566
1735 132.5123596
1736 132.5623627
1737 132.6123657
1738 132.6623688
1739 132.7123718
1740 132.7623749
1741 132.8123779
1742 132.862381
1743 132.912384
1744 132.9623871
1745 133.0123901
1746 133.0623932
1747 133.1123962
1748 133.1623993
1749 133.2124023
1750 133.2624054
1751 133.3124084
1752 133.3624115
1753 133.4124146
1754 133.4624176
1755 133.5124207
1756 133.5624237
1757 133.6124268
1758 133.6624298
1759 133.7124329
1760 133.7624359
1761 133.812439
1762 133.862442
1763 133.9124451
1764 133.9624481
1765 134.0124512
1766 134.0624542
1767 134.1124573
1768 134.1624603
1769 134.2124634
1770 134.2624664
1771 134.3124695
1772 134.3624725
1773 134.4124756
1774 134.4624786
1775 134.5124817
1776 134.5624847
1777 134.6124878
1778 134.6624908
1779 134.7124939
1780 134.7624969
1781 134.8125
1782 134.8625031
1783 134.9125061
1784 134.9625092
1785 135.0125122
1786 135.0625153
1787 135.1125183
1788 135.1625214
1789 135.2125244
1790 135.2625275
1791 135.3125305
1792 135.3625336
1793 135.4125366
1794 135.4625397
1795 135.5125427
1796 135.5625458
1797 135.6125488
1798 135.6625519
1799 135.7125549
1800 135.762558
1801 135.812561
1802 135.8625641
1803 135.9125671
1804 135.9625702
1805 136.0125732
1806 136.0625763
1807 136.1125793
1808 136.1625824
1809 136.2125854
1810 136.2625885
1811 136.3125916
1812 136.3625946
1813 136.4125977
1814 136.4626007
1815 136.5126038
1816 136.5626068
1817 136.6126099
1818 136.6626129
1819 136.712616
1820 136.762619
1821 136.8126221
1822 136.8626251
1823 136.9126282
1824 136.9626312
1825 137.0126343
1826 137.0626373
1827 137.1126404
1828 137.1626434
1829 137.2126465
1830 137.2626495
1831 137.3126526
1832 137.3626556
1833 137.4126587
1834 137.4626617
1835 137.5126648
1836 137.5626678
1837 137.6126709
1838 137.662674
1839 137.712677
1840 137.7626801
1841 137.8126831
1842 137.8626862
1843 137.9126892
1844 137.9626923
1845 138.0126953
1846 138.0626984
1847 138.1127014
1848 138.1627045
1849 138.2127075
1850 138.2627106
1851 138.3127136
1852 138.3627167
1853 138.4127197
1854 138.4627228
1855 138.5127258
1856 138.5627289
1857 138.6127319
1858 138.662735
1859 138.712738
1860 138.7627411
1861 138.8127441
1862 138.8627472
1863 138.9127502
1864 138.9627533
1865 139.0127563
1866 139.0627594
1867 139.1127625
1868 139.1627655
1869 139.2127686
1870 139.2627716
1871 139.3127747
1872 139.3627777
1873 139.4127808
1874 139.4627838
1875 139.5127869
1876 139.5627899
1877 139.612793
1878 139.662796
1879 139.7127991
1880 139.7628021
1881 139.8128052
1882 139.8628082
1883 139.9128113
1884 139.9628143
1885 140.0128174
1886 140.0628204
1887 140.1128235
1888 140.1628265
1889 140.2128296
1890 140.2628326
1891 140.3128357
1892 140.3628387
1893 140.4128418
1894 140.4628448
1895 140.5128479
1896 140.562851
1897 140.612854
1898 140.6628571
1899 140.7128601
1900 140.7628632
1901 140.8128662
1902 140.8628693
1903 140.9128723
1904 140.9628754
1905 141.0128784
1906 141.0628815
1907 141.1128845
1908 141.1628876
1909 141.2128906
1910 141.2628937
1911 141.3128967
1912 141.3628998
1913 141.4129028
1914 141.4629059
1915 141.5129089
1916 141.562912
1917 141.612915
1918 141.6629181
1919 141.7129211
1920 141.7629242
1921 141.8129272
1922 141.8629303
1923 141.9129333
1924 141.9629364
1925 142.0129395
1926 142.0629425
1927 142.1129456
1928 142.1629486
1929 142.2129517
1930 142.2629547
1931 142.3129578
1932 142.3629608
1933 142.4129639
1934 142.4629669
1935 142.51297
1936 142.562973
1937 142.6129761
1938 142.6629791
1939 142.7129822
1940 142.7629852
1941 142.8129883
1942 142.8629913
1943 142.9129944
1944 142.9629974
1945 143.0130005
1946 143.0630035
1947 143.1130066
1948 143.1630096
1949 143.2130127
1950 143.2630157
1951 143.3130188
1952 143.3630219
1953 143.4130249
1954 143.463028
1955 143.513031
1956 143.5630341
1957 143.6130371
1958 143.6630402
1959 143.7130432
1960 143.7630463
1961 143.8130493
1962 143.8630524
1963 143.9130554
1964 143.9630585
1965 144.0130615
1966 144.0630646
1967 144.1130676
1968 144.1630707
1969 144.2130737
1970 144.2630768
1971 144.3130798
1972 144.3630829
1973 144.4130859
1974 144.463089
1975 144.513092
1976 144.5630951
1977 144.6130981
1978 144.6631012
1979 144.7131042
1980 144.7631073
1981 144.8131104
1982 144.8631134
1983 144.9131165
1984 144.9631195
1985 145.0131226
1986 145.0631256
1987 145.1131287
1988 145.1631317
1989 145.2131348
1990 145.2631378
1991 145.3131409
1992 145.3631439
1993 145.413147
1994 145.46315
1995 145.5131531
1996 145.5631561
1997 145.6131592
1998 145.6631622
1999 145.7131653
2000 145.7631683
2001 145.8131714
