1 10
2 9.991317749
3 9.982416153
4 9.973298073
5 9.963963509
6 9.954415321
7 9.944654465
8 9.934682846
9 9.924502373
10 9.914113998
11 9.903520584
12 9.892723083
13 9.881723404
14 9.870523453
15 9.859125137
16 9.847530365
17 9.835741043
18 9.823760033
19 9.811588287
20 9.799227715
21 9.786680222
22 9.773948669
23 9.761034966
24 9.747941017
25 9.734668732
26 9.721220016
27 9.707597733
28 9.693804741
29 9.679841995
30 9.665712357
31 9.651418686
32 9.636962891
33 9.622347832
34 9.607575417
35 9.592647552
36 9.577568054
37 9.562338829
38 9.546962738
39 9.531441689
40 9.515779495
41 9.499978065
42 9.48404026
43 9.467968941
44 9.451766014
45 9.435435295
46 9.418978691
47 9.402400017
48 9.38570118
49 9.368885994
50 9.351956367
51 9.334916115
52 9.317767143
53 9.30051136
54 9.283148766
55 9.265680313
56 9.248105049
57 9.230422974
58 9.21263504
59 9.194740295
60 9.176739693
61 9.158633232
62 9.140420914
63 9.122102737
64 9.103678703
65 9.085148811
66 9.066513062
67 9.047771454
68 9.028924942
69 9.009972572
70 8.990915298
71 8.97175312
72 8.952485085
73 8.933112144
74 8.9136343
75 8.894051552
76 8.874364853
77 8.85457325
78 8.834676743
79 8.814676285
80 8.794571877
81 8.774362564
82 8.754049301
83 8.733632088
84 8.713110924
85 8.692486763
86 8.671758652
87 8.65092659
88 8.629991531
89 8.608953476
90 8.58781147
91 8.566566467
92 8.545218468
93 8.523768425
94 8.502215385
95 8.480559349
96 8.45880127
97 8.436941147
98 8.414978027
99 8.392912865
100 8.370745659
101 8.34847641
102 8.326106071
103 8.30363369
104 8.281060219
105 8.258384705
106 8.235608101
107 8.212730408
108 8.189751625
109 8.166671753
110 8.143491745
111 8.120210648
112 8.096829414
113 8.073347092
114 8.049764633
115 8.026082039
116 8.002299309
117 7.97841692
118 7.954434872
119 7.930353165
120 7.906171799
121 7.881890774
122 7.857510567
123 7.833031178
124 7.808453083
125 7.783776283
126 7.759000778
127 7.734126568
128 7.709153652
129 7.684082508
130 7.658913136
131 7.633646011
132 7.608280659
133 7.582817554
134 7.557256699
135 7.531598568
136 7.505843163
137 7.479990482
138 7.454040527
139 7.427993774
140 7.401850224
141 7.375609875
142 7.349273205
143 7.322840214
144 7.296310902
145 7.269685745
146 7.242964745
147 7.2161479
148 7.18923521
149 7.162227154
150 7.13512373
151 7.107925415
152 7.08063221
153 7.053244114
154 7.025761604
155 6.998184204
156 6.970512867
157 6.942747116
158 6.914887428
159 6.886933804
160 6.858886719
161 6.830745697
162 6.802511692
163 6.774184227
164 6.745763779
165 6.717250347
166 6.688644409
167 6.659945965
168 6.631155014
169 6.602271557
170 6.57329607
171 6.544229031
172 6.515069962
173 6.48581934
174 6.456477642
175 6.427044392
176 6.397520065
177 6.36790514
178 6.338199139
179 6.308402538
180 6.278515816
181 6.248538971
182 6.218472004
183 6.188315392
184 6.158068657
185 6.127732754
186 6.097307205
187 6.066792488
188 6.036189079
189 6.005496502
190 5.97471571
191 5.943846226
192 5.912888527
193 5.881842613
194 5.850708961
195 5.819487572
196 5.788178444
197 5.756782055
198 5.725298405
199 5.693727493
200 5.662069798
201 5.630325317
202 5.59849453
203 5.566577435
204 5.534574032
205 5.502484798
206 5.470309734
207 5.43805027
208 5.40571022
209 5.373292446
210 5.340800285
211 5.308236599
212 5.275603771
213 5.242904663
214 5.210141182
215 5.177316189
216 5.144431114
217 5.111488819
218 5.078490734
219 5.045438766
220 5.012334347
221 4.979179382
222 4.94597578
223 4.912695885
224 4.879350662
225 4.845950127
226 4.812503815
227 4.779020309
228 4.74550724
229 4.71197176
230 4.678420544
231 4.644859791
232 4.611295223
233 4.577732086
234 4.544175148
235 4.510629177
236 4.477097988
237 4.443585873
238 4.410096169
239 4.376628399
240 4.343182564
241 4.309758663
242 4.27635622
243 4.242975235
244 4.209615707
245 4.176277161
246 4.142959595
247 4.10966301
248 4.076387405
249 4.043132305
250 4.009897709
251 3.976683378
252 3.943489075
253 3.910314798
254 3.877160549
255 3.844026089
256 3.810911417
257 3.777816296
258 3.744740486
259 3.711683989
260 3.678646803
261 3.645628691
262 3.612629414
263 3.579648972
264 3.546687365
265 3.513744354
266 3.480819941
267 3.447913885
268 3.415026903
269 3.382158995
270 3.349310875
271 3.316482782
272 3.283674955
273 3.250887632
274 3.21812129
275 3.185376167
276 3.152652502
277 3.119950533
278 3.08727026
279 3.054611683
280 3.021974564
281 2.989358902
282 2.956764698
283 2.924191713
284 2.891639948
285 2.859109402
286 2.826599836
287 2.794111252
288 2.76164341
289 2.729196548
290 2.696770191
291 2.664364576
292 2.631979465
293 2.599614859
294 2.567270756
295 2.534946918
296 2.502643347
297 2.470360041
298 2.438097
299 2.405853987
300 2.373631001
301 2.341428041
302 2.309244871
303 2.277081728
304 2.244938374
305 2.212814808
306 2.180711508
307 2.14862895
308 2.11656785
309 2.084528923
310 2.052512646
311 2.020519733
312 1.988551021
313 1.956606984
314 1.924688339
315 1.892795801
316 1.860930085
317 1.829091907
318 1.797281981
319 1.765501022
320 1.733749866
321 1.702029109
322 1.670339584
323 1.638682127
324 1.607057452
325 1.575466394
326 1.543909669
327 1.512388229
328 1.480902791
329 1.449454308
330 1.418043494
331 1.386671305
332 1.355338573
333 1.324046135
334 1.292794943
335 1.261585951
336 1.230419993
337 1.199298024
338 1.168220997
339 1.137189865
340 1.106205583
341 1.075269103
342 1.04438138
343 1.013543487
344 0.9827563763
345 0.952021122
346 0.9213386774
347 0.8907101154
348 0.8601365089
349 0.8296188712
350 0.7991583347
351 0.7687559724
352 0.7384128571
353 0.7081301212
354 0.6779088378
355 0.6477501392
356 0.6176552176
357 0.5876252055
358 0.5576612353
359 0.5277645588
360 0.4979362786
361 0.4681776166
362 0.4384897947
363 0.4088740349
364 0.3793315589
365 0.3498635888
366 0.320471406
367 0.2911562324
368 0.2619193792
369 0.2327621132
370 0.2036857307
371 0.174691543
372 0.1457808465
373 0.1169549823
374 0.0882152766
375 0.05956308171
376 0.03099975735
377 0.002526670694
378 -0.02585480548
379 -0.05414329097
380 -0.08233743906
381 -0.1104359329
382 -0.1384374797
383 -0.166340813
384 -0.1941447109
385 -0.2218479514
386 -0.2494493276
387 -0.2769476771
388 -0.3043418527
389 -0.3316307366
390 -0.3588132262
391 -0.3858882189
392 -0.4128546715
393 -0.4397115111
394 -0.4664576948
395 -0.4930922091
396 -0.5196140409
397 -0.5460222363
398 -0.5723158121
399 -0.5984938145
400 -0.6245553493
401 -0.6504994035
402 -0.6763251424
403 -0.7020316124
404 -0.7276179194
405 -0.7530832291
406 -0.7784266472
407 -0.8036473393
408 -0.8287444711
409 -0.8537171483
410 -0.8785645962
411 -0.9032859802
412 -0.9278805256
413 -0.9523473978
414 -0.9766857028
415 -1.000894666
416 -1.024973273
417 -1.048920751
418 -1.072736263
419 -1.096418977
420 -1.119968057
421 -1.143382549
422 -1.166661739
423 -1.189804792
424 -1.212810755
425 -1.235678911
426 -1.258408427
427 -1.280998588
428 -1.303448439
429 -1.325757265
430 -1.347924232
431 -1.369948626
432 -1.391829491
433 -1.413566232
434 -1.435157895
435 -1.456603765
436 -1.477903128
437 -1.499055147
438 -1.520059109
439 -1.540914297
440 -1.561619878
441 -1.582175016
442 -1.602579117
443 -1.622831345
444 -1.642930984
445 -1.662877321
446 -1.68266964
447 -1.702307105
448 -1.721789122
449 -1.741114855
450 -1.760283709
451 -1.779294848
452 -1.798147678
453 -1.816841364
454 -1.835375309
455 -1.853748798
456 -1.871961117
457 -1.890011668
458 -1.907899618
459 -1.925624371
460 -1.94318521
461 -1.960581541
462 -1.977812648
463 -1.994877934
464 -2.01183629
465 -2.028685331
466 -2.045423031
467 -2.062047243
468 -2.078555822
469 -2.094946861
470 -2.111218214
471 -2.127367973
472 -2.14339447
473 -2.159295559
474 -2.175069571
475 -2.190714836
476 -2.206229925
477 -2.22161293
478 -2.236862421
479 -2.251976728
480 -2.266954422
481 -2.28179431
482 -2.296494961
483 -2.311054945
484 -2.32547307
485 -2.339748144
486 -2.353878975
487 -2.36786437
488 -2.381703377
489 -2.395395041
490 -2.408938169
491 -2.42233181
492 -2.435575247
493 -2.448667288
494 -2.461607456
495 -2.474395514
496 -2.487032175
497 -2.499517918
498 -2.511853218
499 -2.524038553
500 -2.5360744
501 -2.547961473
502 -2.559700012
503 -2.571290493
504 -2.582733631
505 -2.594029665
506 -2.605179071
507 -2.616182327
508 -2.627040148
509 -2.637752533
510 -2.648320198
511 -2.65874362
512 -2.669023037
513 -2.679158926
514 -2.689151764
515 -2.699002028
516 -2.708709955
517 -2.718275785
518 -2.727699757
519 -2.736982107
520 -2.74612236
521 -2.755120039
522 -2.763974667
523 -2.772685528
524 -2.781252384
525 -2.78967452
526 -2.79795146
527 -2.806082726
528 -2.814067841
529 -2.821906328
530 -2.829597473
531 -2.837141037
532 -2.844536304
533 -2.851783037
534 -2.85888052
535 -2.865828514
536 -2.872626305
537 -2.879273415
538 -2.885769606
539 -2.892114401
540 -2.898307085
541 -2.90434742
542 -2.910234928
543 -2.915969133
544 -2.921549559
545 -2.926975727
546 -2.932247162
547 -2.937363386
548 -2.942324162
549 -2.947129011
550 -2.951777458
551 -2.956269026
552 -2.960603476
553 -2.964780331
554 -2.968799353
555 -2.972660065
556 -2.97636199
557 -2.979905128
558 -2.983289003
559 -2.986513138
560 -2.989577532
561 -2.992481709
562 -2.99522543
563 -2.997808456
564 -3.000230551
565 -3.002491236
566 -3.004590511
567 -3.006528139
568 -3.008304119
569 -3.009917974
570 -3.011369705
571 -3.012659073
572 -3.013786077
573 -3.014750481
574 -3.015552282
575 -3.016191244
576 -3.016667366
577 -3.016980648
578 -3.017130852
579 -3.017118216
580 -3.016942739
581 -3.016606569
582 -3.016111851
583 -3.01546073
584 -3.014655113
585 -3.013696909
586 -3.012588263
587 -3.011330843
588 -3.009926558
589 -3.008377314
590 -3.00668478
591 -3.004850864
592 -3.002877235
593 -3.000765324
594 -2.998516798
595 -2.996133327
596 -2.993616581
597 -2.990967989
598 -2.988188982
599 -2.985281229
600 -2.982245922
601 -2.97908473
602 -2.975798845
603 -2.972389698
604 -2.96885848
605 -2.965206623
606 -2.961435318
607 -2.957545996
608 -2.953539848
609 -2.949418068
610 -2.945181847
611 -2.940832376
612 -2.936370611
613 -2.931797981
614 -2.92711544
615 -2.922324181
616 -2.917425156
617 -2.912419319
618 -2.907307863
619 -2.90209198
620 -2.896772385
621 -2.891350269
622 -2.885826588
623 -2.880202293
624 -2.874478102
625 -2.868655205
626 -2.862734318
627 -2.856716633
628 -2.850602865
629 -2.844393969
630 -2.838090658
631 -2.831693888
632 -2.825204372
633 -2.818623304
634 -2.81195116
635 -2.805188894
636 -2.79833746
637 -2.791397572
638 -2.784369946
639 -2.777255535
640 -2.770055056
641 -2.762769222
642 -2.755398989
643 -2.74794507
644 -2.740408182
645 -2.73278904
646 -2.725088358
647 -2.717307091
648 -2.709445715
649 -2.701505184
650 -2.693486214
651 -2.685389519
652 -2.677215815
653 -2.668965578
654 -2.660639763
655 -2.652239084
656 -2.643764257
657 -2.635215759
658 -2.626594543
659 -2.617901087
660 -2.609136105
661 -2.600300312
662 -2.591394424
663 -2.582419157
664 -2.573374987
665 -2.564262629
666 -2.555082321
667 -2.54583478
668 -2.536520481
669 -2.527139664
670 -2.517693043
671 -2.508181095
672 -2.498604059
673 -2.48896265
674 -2.479257107
675 -2.469488144
676 -2.459656
677 -2.449761391
678 -2.439804554
679 -2.429786205
680 -2.419706583
681 -2.409566164
682 -2.399365664
683 -2.38910532
684 -2.37878561
685 -2.368407011
686 -2.357970238
687 -2.347475529
688 -2.336923361
689 -2.326314211
690 -2.315648794
691 -2.304927349
692 -2.294150352
693 -2.283318281
694 -2.27243185
695 -2.261491299
696 -2.250497103
697 -2.239449978
698 -2.228350163
699 -2.217198372
700 -2.205995083
701 -2.194740534
702 -2.18343544
703 -2.172080278
704 -2.160675526
705 -2.149221897
706 -2.137719631
707 -2.126169205
708 -2.114571333
709 -2.102926493
710 -2.091235161
711 -2.079497814
712 -2.06771493
713 -2.055886984
714 -2.044014692
715 -2.032098532
716 -2.020138979
717 -2.008136511
718 -1.996091843
719 -1.984005332
720 -1.971877575
721 -1.959709167
722 -1.947500587
723 -1.935252428
724 -1.922965169
725 -1.910639405
726 -1.898275614
727 -1.885874391
728 -1.873436332
729 -1.860961914
730 -1.848451734
731 -1.835906386
732 -1.823326468
733 -1.810712457
734 -1.798065066
735 -1.785384774
736 -1.772672057
737 -1.75992763
738 -1.747151971
739 -1.734345794
740 -1.721509576
741 -1.708644032
742 -1.69574964
743 -1.682826996
744 -1.669876695
745 -1.656899452
746 -1.643895745
747 -1.630866289
748 -1.617811561
749 -1.604732275
750 -1.591629028
751 -1.578502417
752 -1.565353036
753 -1.552181482
754 -1.538988471
755 -1.525774598
756 -1.51254046
757 -1.499286771
758 -1.486014128
759 -1.472723126
760 -1.459414482
761 -1.446088791
762 -1.432746649
763 -1.419388771
764 -1.406015873
765 -1.392628551
766 -1.379227519
767 -1.365813375
768 -1.352386713
769 -1.338948369
770 -1.325498819
771 -1.312038898
772 -1.298569202
773 -1.285090446
774 -1.271603346
775 -1.258108497
776 -1.244606614
777 -1.231098413
778 -1.21758461
779 -1.204065919
780 -1.190542936
781 -1.177016497
782 -1.163487196
783 -1.14995575
784 -1.136422992
785 -1.122889519
786 -1.109356046
787 -1.095823288
788 -1.082291961
789 -1.068762898
790 -1.055236697
791 -1.041714072
792 -1.028195858
793 -1.01468277
794 -1.001175404
795 -0.9876746535
796 -0.9741811752
797 -0.9606957436
798 -0.9472191334
799 -0.9337520599
800 -0.9202952385
801 -0.9068494439
802 -0.8934153914
803 -0.8799939156
804 -0.8665856719
805 -0.8531914949
806 -0.8398120999
807 -0.8264482617
808 -0.8131007552
809 -0.7997703552
810 -0.786457777
811 -0.7731637955
812 -0.7598891854
813 -0.7466347814
814 -0.7334012985
815 -0.7201894522
816 -0.7070000768
817 -0.6938339472
818 -0.6806918383
819 -0.6675744653
820 -0.6544826627
821 -0.6414172053
822 -0.6283788085
823 -0.6153683066
824 -0.6023864746
825 -0.5894340873
826 -0.5765119195
827 -0.5636207461
828 -0.5507614017
829 -0.5379346013
830 -0.52514112
831 -0.5123817325
832 -0.4996572435
833 -0.4869684279
834 -0.4743160605
835 -0.4617009163
836 -0.44912377
837 -0.4365853965
838 -0.4240865707
839 -0.4116280675
840 -0.3992106616
841 -0.3868351281
842 -0.3745022118
843 -0.3622127175
844 -0.3499673903
845 -0.337767005
846 -0.3256123364
847 -0.3135041296
848 -0.3014431596
849 -0.2894301713
850 -0.2774659097
851 -0.2655511498
852 -0.2536866367
853 -0.2418731302
854 -0.2301113755
855 -0.2184021175
856 -0.2067461014
857 -0.1951440722
858 -0.1835967451
859 -0.1721048653
860 -0.1606691629
861 -0.149290368
862 -0.1379692107
863 -0.1267063916
864 -0.1155026481
865 -0.1043586805
866 -0.09327519685
867 -0.08225289732
868 -0.07129248232
869 -0.06039465964
870 -0.04956012219
871 -0.03878955916
872 -0.0280836504
873 -0.01744308136
874 -0.006868528668
875 0.003639339702
876 0.01407986227
877 0.02445256338
878 0.03475731239
879 0.04499397799
880 0.05516243353
881 0.06526255608
882 0.07529424131
883 0.08525737375
884 0.09515184164
885 0.1049775332
886 0.1147343442
887 0.1244221851
888 0.1340409666
889 0.1435905844
890 0.1530709714
891 0.1624820232
892 0.1718236655
893 0.1810958385
894 0.190298453
895 0.1994314343
896 0.2084947079
897 0.2174882144
898 0.226411894
899 0.2352656722
900 0.2440495044
901 0.2527633309
902 0.2614071071
903 0.2699807882
904 0.2784843147
905 0.2869176567
906 0.2952807844
907 0.303573668
908 0.311796248
909 0.3199484944
910 0.3280304074
911 0.3360419571
912 0.3439831138
913 0.3518538773
914 0.359654218
915 0.3673841357
916 0.3750436008
917 0.382632643
918 0.3901512325
919 0.3975993693
920 0.4049770534
921 0.4122842848
922 0.4195210934
923 0.4266874492
924 0.433783412
925 0.4408089519
926 0.4477641284
927 0.4546489418
928 0.4614634216
929 0.4682075679
930 0.4748814404
931 0.4814850688
932 0.4880184829
933 0.4944817126
934 0.5008747578
935 0.5071977377
936 0.5134506226
937 0.5196335316
938 0.5257464647
939 0.5317894816
940 0.5377626419
941 0.5436660051
942 0.5494996309
943 0.5552635789
944 0.5609579086
945 0.5665826797
946 0.5721379519
947 0.5776237845
948 0.583040297
949 0.5883875489
950 0.5936655998
951 0.5988745689
952 0.6040145159
953 0.6090855002
954 0.6140876412
955 0.6190209985
956 0.6238856912
957 0.6286817789
958 0.6334093809
959 0.6380686164
960 0.6426596045
961 0.647182405
962 0.6516371369
963 0.6560239196
964 0.6603428721
965 0.6645941138
966 0.6687777638
967 0.6728938818
968 0.6769426465
969 0.6809241772
970 0.684838593
971 0.6886860132
972 0.6924666166
973 0.6961804628
974 0.6998277307
975 0.7034085393
976 0.7069230676
977 0.7103714347
978 0.7137538195
979 0.7170703411
980 0.7203211188
981 0.723506391
982 0.7266262174
983 0.7296808362
984 0.7326703668
985 0.7355949879
986 0.7384548783
987 0.741250217
988 0.7439811826
989 0.7466478944
990 0.7492505908
991 0.751789391
992 0.7542644739
993 0.756675899
994 0.7590238452
995 0.7613084316
996 0.7635298371
997 0.7656881809
998 0.7677835822
999 0.7698162198
1000 0.7717862725
1001 0.7736939192
1002 0.775539279
1003 0.7773225307
1004 0.7790439129
1005 0.7807035446
1006 0.7823024988
1007 0.7838424444
1008 0.7853249907
1009 0.7867518067
1010 0.7881245017
1011 0.7894446254
1012 0.7907137275
1013 0.7919334173
1014 0.793105185
1015 0.7942305207
1016 0.7953109741
1017 0.7963479757
1018 0.7973428965
1019 0.7982972264
1020 0.7992123365
1021 0.8000895381
1022 0.8009301424
1023 0.8017355204
1024 0.8025068641
1025 0.8032454252
1026 0.8039524555
1027 0.8046290874
1028 0.8052764535
1029 0.8058956861
1030 0.8064878583
1031 0.8070540428
1032 0.807595253
1033 0.8081125021
1034 0.8086066842
1035 0.8090788126
1036 0.8095297217
1037 0.8099603057
1038 0.8103713989
1039 0.8107637763
1040 0.8111382723
1041 0.8114956617
1042 0.8118366599
1043 0.8121619225
1044 0.8124721646
1045 0.8127680421
1046 0.8130502105
1047 0.8133192062
1048 0.8135756254
1049 0.8138200641
1050 0.814052999
1051 0.8142749667
1052 0.8144865036
1053 0.8146880269
1054 0.8148800135
1055 0.8150628805
1056 0.8152370453
1057 0.815402925
1058 0.8155609369
1059 0.8157113791
1060 0.815854609
1061 0.8159909844
1062 0.816120863
1063 0.816244483
1064 0.8163622022
1065 0.8164742589
1066 0.8165808916
1067 0.8166823983
1068 0.8167790174
1069 0.8168709874
1070 0.816958487
1071 0.8170417547
1072 0.8171209693
1073 0.8171963692
1074 0.8172681332
1075 0.8173363805
1076 0.8174013495
1077 0.8174631596
1078 0.8175219297
1079 0.8175778985
1080 0.8176311255
1081 0.8176817298
1082 0.8177298903
1083 0.8177757263
1084 0.8178192973
1085 0.8178607821
1086 0.8179002404
1087 0.8179377317
1088 0.8179734349
1089 0.81800735
1090 0.8180396557
1091 0.8180703521
1092 0.8180995584
1093 0.8181273341
1094 0.818153739
1095 0.8181788921
1096 0.8182027936
1097 0.818225503
1098 0.8182471395
1099 0.8182677031
1100 0.8182872534
1101 0.81830585
1102 0.8183235526
1103 0.8183403611
1104 0.8183563352
1105 0.8183715343
1106 0.8183860183
1107 0.8183997869
1108 0.8184128404
1109 0.8184252977
1110 0.8184370995
1111 0.8184483647
1112 0.818459034
1113 0.8184692264
1114 0.8184788823
1115 0.8184880614
1116 0.8184968233
1117 0.818505168
1118 0.8185130954
1119 0.8185206056
1120 0.8185277581
1121 0.8185345531
1122 0.8185409904
1123 0.8185471296
1124 0.8185529709
1125 0.8185585141
1126 0.8185638189
1127 0.8185688257
1128 0.8185735941
1129 0.818578124
1130 0.8185824752
1131 0.8185865879
1132 0.8185905218
1133 0.8185942173
1134 0.818597734
1135 0.8186010718
1136 0.8186042905
1137 0.8186073303
1138 0.8186101913
1139 0.8186129332
1140 0.8186155558
1141 0.8186180592
1142 0.8186204433
1143 0.8186227083
1144 0.8186248541
1145 0.8186268806
1146 0.818628788
1147 0.8186306357
1148 0.8186323643
1149 0.8186340332
1150 0.8186355829
1151 0.818637073
1152 0.8186385036
1153 0.8186398745
1154 0.8186411858
1155 0.8186424375
1156 0.8186436296
1157 0.818644762
1158 0.8186458349
1159 0.8186468482
1160 0.8186478019
1161 0.8186486959
1162 0.8186495304
1163 0.8186503649
1164 0.8186511397
1165 0.818651855
1166 0.8186525702
1167 0.8186532259
1168 0.8186538815
1169 0.8186544776
1170 0.8186550736
1171 0.8186556101
1172 0.8186561465
1173 0.8186566234
1174 0.8186571002
1175 0.818657577
1176 0.8186579943
1177 0.8186584115
1178 0.8186587691
1179 0.8186591268
1180 0.8186594844
1181 0.818659842
1182 0.81866014
1183 0.8186604381
1184 0.8186607361
1185 0.8186610341
1186 0.8186612725
1187 0.8186615109
1188 0.8186617494
1189 0.8186619878
1190 0.8186622262
1191 0.818662405
1192 0.8186625838
1193 0.8186627626
1194 0.8186629415
1195 0.8186631203
1196 0.8186632991
1197 0.8186634183
1198 0.8186635375
1199 0.8186636567
1200 0.8186637759
1201 0.8186638951
1202 0.8186640143
1203 0.8186641335
1204 0.8186642528
1205 0.818664372
1206 0.8186644912
1207 0.8186645508
1208 0.8186646104
1209 0.81866467
1210 0.8186647296
1211 0.8186647892
1212 0.8186648488
1213 0.8186649084
1214 0.818664968
1215 0.8186650276
1216 0.8186650872
1217 0.8186651468
1218 0.8186652064
1219 0.818665266
1220 0.8186653256
1221 0.8186653852
1222 0.8186654449
1223 0.8186655045
1224 0.8186655641
1225 0.8186656237
1226 0.8186656833
1227 0.8186657429
1228 0.8186658025
1229 0.8186658025
1230 0.8186658025
1231 0.8186658025
1232 0.8186658025
1233 0.8186658025
1234 0.8186658025
1235 0.8186658025
1236 0.8186658025
1237 0.8186658025
1238 0.8186658025
1239 0.8186658025
1240 0.8186658025
1241 0.8186658025
1242 0.8186658025
1243 0.8186658025
1244 0.8186658025
1245 0.8186658025
1246 0.8186658025
1247 0.8186658025
1248 0.8186658025
1249 0.8186658025
1250 0.8186658025
1251 0.8186658025
1252 0.8186658025
1253 0.8186658025
1254 0.8186658025
1255 0.8186658025
1256 0.8186658025
1257 0.8186658025
1258 0.8186658025
1259 0.8186658025
1260 0.8186658025
1261 0.8186658025
1262 0.8186658025
1263 0.8186658025
1264 0.8186658025
1265 0.8186658025
1266 0.8186658025
1267 0.8186658025
1268 0.8186658025
1269 0.8186658025
1270 0.8186658025
1271 0.8186658025
1272 0.8186658025
1273 0.8186658025
1274 0.8186658025
1275 0.8186658025
1276 0.8186658025
1277 0.8186658025
1278 0.8186658025
1279 0.8186658025
1280 0.8186658025
1281 0.8186658025
1282 0.8186658025
1283 0.8186658025
1284 0.8186658025
1285 0.8186658025
1286 0.8186658025
1287 0.8186658025
1288 0.8186658025
1289 0.8186658025
1290 0.8186658025
1291 0.8186658025
1292 0.8186658025
1293 0.8186658025
1294 0.8186658025
1295 0.8186658025
1296 0.8186658025
1297 0.8186658025
1298 0.8186658025
1299 0.8186658025
1300 0.8186658025
1301 0.8186658025
1302 0.8186658025
1303 0.8186658025
1304 0.8186658025
1305 0.8186658025
1306 0.8186658025
1307 0.8186658025
1308 0.8186658025
1309 0.8186658025
1310 0.8186658025
1311 0.8186658025
1312 0.8186658025
1313 0.8186658025
1314 0.8186658025
1315 0.8186658025
1316 0.8186658025
1317 0.8186658025
1318 0.8186658025
1319 0.8186658025
1320 0.8186658025
1321 0.8186658025
1322 0.8186658025
1323 0.8186658025
1324 0.8186658025
1325 0.8186658025
1326 0.8186658025
1327 0.8186658025
1328 0.8186658025
1329 0.8186658025
1330 0.8186658025
1331 0.8186658025
1332 0.8186658025
1333 0.8186658025
1334 0.8186658025
1335 0.8186658025
1336 0.8186658025
1337 0.8186658025
1338 0.8186658025
1339 0.8186658025
1340 0.8186658025
1341 0.8186658025
1342 0.8186658025
1343 0.8186658025
1344 0.8186658025
1345 0.8186658025
1346 0.8186658025
1347 0.8186658025
1348 0.8186658025
1349 0.8186658025
1350 0.8186658025
1351 0.8186658025
1352 0.8186658025
1353 0.8186658025
1354 0.8186658025
1355 0.8186658025
1356 0.8186658025
1357 0.8186658025
1358 0.8186658025
1359 0.8186658025
1360 0.8186658025
1361 0.8186658025
1362 0.8186658025
1363 0.8186658025
1364 0.8186658025
1365 0.8186658025
1366 0.8186658025
1367 0.8186658025
1368 0.8186658025
1369 0.8186658025
1370 0.8186658025
1371 0.8186658025
1372 0.8186658025
1373 0.8186658025
1374 0.8186658025
1375 0.8186658025
1376 0.8186658025
1377 0.8186658025
1378 0.8186658025
1379 0.8186658025
1380 0.8186658025
1381 0.8186658025
1382 0.8186658025
1383 0.8186658025
1384 0.8186658025
1385 0.8186658025
1386 0.8186658025
1387 0.8186658025
1388 0.8186658025
1389 0.8186658025
1390 0.8186658025
1391 0.8186658025
1392 0.8186658025
1393 0.8186658025
1394 0.8186658025
1395 0.8186658025
1396 0.8186658025
1397 0.8186658025
1398 0.8186658025
1399 0.8186658025
1400 0.8186658025
1401 0.8186658025
1402 0.8186658025
1403 0.8186658025
1404 0.8186658025
1405 0.8186658025
1406 0.8186658025
1407 0.8186658025
1408 0.8186658025
1409 0.8186658025
1410 0.8186658025
1411 0.8186658025
1412 0.8186658025
1413 0.8186658025
1414 0.8186658025
1415 0.8186658025
1416 0.8186658025
1417 0.8186658025
1418 0.8186658025
1419 0.8186658025
1420 0.8186658025
1421 0.8186658025
1422 0.8186658025
1423 0.8186658025
1424 0.8186658025
1425 0.8186658025
1426 0.8186658025
1427 0.8186658025
1428 0.8186658025
1429 0.8186658025
1430 0.8186658025
1431 0.8186658025
1432 0.8186658025
1433 0.8186658025
1434 0.8186658025
1435 0.8186658025
1436 0.8186658025
1437 0.8186658025
1438 0.8186658025
1439 0.8186658025
1440 0.8186658025
1441 0.8186658025
1442 0.8186658025
1443 0.8186658025
1444 0.8186658025
1445 0.8186658025
1446 0.8186658025
1447 0.8186658025
1448 0.8186658025
1449 0.8186658025
1450 0.8186658025
1451 0.8186658025
1452 0.8186658025
1453 0.8186658025
1454 0.8186658025
1455 0.8186658025
1456 0.8186658025
1457 0.8186658025
1458 0.8186658025
1459 0.8186658025
1460 0.8186658025
1461 0.8186658025
1462 0.8186658025
1463 0.8186658025
1464 0.8186658025
1465 0.8186658025
1466 0.8186658025
1467 0.8186658025
1468 0.8186658025
1469 0.8186658025
1470 0.8186658025
1471 0.8186658025
1472 0.8186658025
1473 0.8186658025
1474 0.8186658025
1475 0.8186658025
1476 0.8186658025
1477 0.8186658025
1478 0.8186658025
1479 0.8186658025
1480 0.8186658025
1481 0.8186658025
1482 0.8186658025
1483 0.8186658025
1484 0.8186658025
1485 0.8186658025
1486 0.8186658025
1487 0.8186658025
1488 0.8186658025
1489 0.8186658025
1490 0.8186658025
1491 0.8186658025
1492 0.8186658025
1493 0.8186658025
1494 0.8186658025
1495 0.8186658025
1496 0.8186658025
1497 0.8186658025
1498 0.8186658025
1499 0.8186658025
1500 0.8186658025
1501 0.8186658025
1502 0.8186658025
1503 0.8186658025
1504 0.8186658025
1505 0.8186658025
1506 0.8186658025
1507 0.8186658025
1508 0.8186658025
1509 0.8186658025
1510 0.8186658025
1511 0.8186658025
1512 0.8186658025
1513 0.8186658025
1514 0.8186658025
1515 0.8186658025
1516 0.8186658025
1517 0.8186658025
1518 0.8186658025
1519 0.8186658025
1520 0.8186658025
1521 0.8186658025
1522 0.8186658025
1523 0.8186658025
1524 0.8186658025
1525 0.8186658025
1526 0.8186658025
1527 0.8186658025
1528 0.8186658025
1529 0.8186658025
1530 0.8186658025
1531 0.8186658025
1532 0.8186658025
1533 0.8186658025
1534 0.8186658025
1535 0.8186658025
1536 0.8186658025
1537 0.8186658025
1538 0.8186658025
1539 0.8186658025
1540 0.8186658025
1541 0.8186658025
1542 0.8186658025
1543 0.8186658025
1544 0.8186658025
1545 0.8186658025
1546 0.8186658025
1547 0.8186658025
1548 0.8186658025
1549 0.8186658025
1550 0.8186658025
1551 0.8186658025
1552 0.8186658025
1553 0.8186658025
1554 0.8186658025
1555 0.8186658025
1556 0.8186658025
1557 0.8186658025
1558 0.8186658025
1559 0.8186658025
1560 0.8186658025
1561 0.8186658025
1562 0.8186658025
1563 0.8186658025
1564 0.8186658025
1565 0.8186658025
1566 0.8186658025
1567 0.8186658025
1568 0.8186658025
1569 0.8186658025
1570 0.8186658025
1571 0.8186658025
1572 0.8186658025
1573 0.8186658025
1574 0.8186658025
1575 0.8186658025
1576 0.8186658025
1577 0.8186658025
1578 0.8186658025
1579 0.8186658025
1580 0.8186658025
1581 0.8186658025
1582 0.8186658025
1583 0.8186658025
1584 0.8186658025
1585 0.8186658025
1586 0.8186658025
1587 0.8186658025
1588 0.8186658025
1589 0.8186658025
1590 0.8186658025
1591 0.8186658025
1592 0.8186658025
1593 0.8186658025
1594 0.8186658025
1595 0.8186658025
1596 0.8186658025
1597 0.8186658025
1598 0.8186658025
1599 0.8186658025
1600 0.8186658025
1601 0.8186658025
1602 0.8186658025
1603 0.8186658025
1604 0.8186658025
1605 0.8186658025
1606 0.8186658025
1607 0.8186658025
1608 0.8186658025
1609 0.8186658025
1610 0.8186658025
1611 0.8186658025
1612 0.8186658025
1613 0.8186658025
1614 0.8186658025
1615 0.8186658025
1616 0.8186658025
1617 0.8186658025
1618 0.8186658025
1619 0.8186658025
1620 0.8186658025
1621 0.8186658025
1622 0.8186658025
1623 0.8186658025
1624 0.8186658025
1625 0.8186658025
1626 0.8186658025
1627 0.8186658025
1628 0.8186658025
1629 0.8186658025
1630 0.8186658025
1631 0.8186658025
1632 0.8186658025
1633 0.8186658025
1634 0.8186658025
1635 0.8186658025
1636 0.8186658025
1637 0.8186658025
1638 0.8186658025
1639 0.8186658025
1640 0.8186658025
1641 0.8186658025
1642 0.8186658025
1643 0.8186658025
1644 0.8186658025
1645 0.8186658025
1646 0.8186658025
1647 0.8186658025
1648 0.8186658025
1649 0.8186658025
1650 0.8186658025
1651 0.8186658025
1652 0.8186658025
1653 0.8186658025
1654 0.8186658025
1655 0.8186658025
1656 0.8186658025
1657 0.8186658025
1658 0.8186658025
1659 0.8186658025
1660 0.8186658025
1661 0.8186658025
1662 0.8186658025
1663 0.8186658025
1664 0.8186658025
1665 0.8186658025
1666 0.8186658025
1667 0.8186658025
1668 0.8186658025
1669 0.8186658025
1670 0.8186658025
1671 0.8186658025
1672 0.8186658025
1673 0.8186658025
1674 0.8186658025
1675 0.8186658025
1676 0.8186658025
1677 0.8186658025
1678 0.8186658025
1679 0.8186658025
1680 0.8186658025
1681 0.8186658025
1682 0.8186658025
1683 0.8186658025
1684 0.8186658025
1685 0.8186658025
1686 0.8186658025
1687 0.8186658025
1688 0.8186658025
1689 0.8186658025
1690 0.8186658025
1691 0.8186658025
1692 0.8186658025
1693 0.8186658025
1694 0.8186658025
1695 0.8186658025
1696 0.8186658025
1697 0.8186658025
1698 0.8186658025
1699 0.8186658025
1700 0.8186658025
1701 0.8186658025
1702 0.8186658025
1703 0.8186658025
1704 0.8186658025
1705 0.8186658025
1706 0.8186658025
1707 0.8186658025
1708 0.8186658025
1709 0.8186658025
1710 0.8186658025
1711 0.8186658025
1712 0.8186658025
1713 0.8186658025
1714 0.8186658025
1715 0.8186658025
1716 0.8186658025
1717 0.8186658025
1718 0.8186658025
1719 0.8186658025
1720 0.8186658025
1721 0.8186658025
1722 0.8186658025
1723 0.8186658025
1724 0.8186658025
1725 0.8186658025
1726 0.8186658025
1727 0.8186658025
1728 0.8186658025
1729 0.8186658025
1730 0.8186658025
1731 0.8186658025
1732 0.8186658025
1733 0.8186658025
1734 0.8186658025
1735 0.8186658025
1736 0.8186658025
1737 0.8186658025
1738 0.8186658025
1739 0.8186658025
1740 0.8186658025
1741 0.8186658025
1742 0.8186658025
1743 0.8186658025
1744 0.8186658025
1745 0.8186658025
1746 0.8186658025
1747 0.8186658025
1748 0.8186658025
1749 0.8186658025
1750 0.8186658025
1751 0.8186658025
1752 0.8186658025
1753 0.8186658025
1754 0.8186658025
1755 0.8186658025
1756 0.8186658025
1757 0.8186658025
1758 0.8186658025
1759 0.8186658025
1760 0.8186658025
1761 0.8186658025
1762 0.8186658025
1763 0.8186658025
1764 0.8186658025
1765 0.8186658025
1766 0.8186658025
1767 0.8186658025
1768 0.8186658025
1769 0.8186658025
1770 0.8186658025
1771 0.8186658025
1772 0.8186658025
1773 0.8186658025
1774 0.8186658025
1775 0.8186658025
1776 0.8186658025
1777 0.8186658025
1778 0.8186658025
1779 0.8186658025
1780 0.8186658025
1781 0.8186658025
1782 0.8186658025
1783 0.8186658025
1784 0.8186658025
1785 0.8186658025
1786 0.8186658025
1787 0.8186658025
1788 0.8186658025
1789 0.8186658025
1790 0.8186658025
1791 0.8186658025
1792 0.8186658025
1793 0.8186658025
1794 0.8186658025
1795 0.8186658025
1796 0.8186658025
1797 0.8186658025
1798 0.8186658025
1799 0.8186658025
1800 0.8186658025
1801 0.8186658025
1802 0.8186658025
1803 0.8186658025
1804 0.8186658025
1805 0.8186658025
1806 0.8186658025
1807 0.8186658025
1808 0.8186658025
1809 0.8186658025
1810 0.8186658025
1811 0.8186658025
1812 0.8186658025
1813 0.8186658025
1814 0.8186658025
1815 0.8186658025
1816 0.8186658025
1817 0.8186658025
1818 0.8186658025
1819 0.8186658025
1820 0.8186658025
1821 0.8186658025
1822 0.8186658025
1823 0.8186658025
1824 0.8186658025
1825 0.8186658025
1826 0.8186658025
1827 0.8186658025
1828 0.8186658025
1829 0.8186658025
1830 0.8186658025
1831 0.8186658025
1832 0.8186658025
1833 0.8186658025
1834 0.8186658025
1835 0.8186658025
1836 0.8186658025
1837 0.8186658025
1838 0.8186658025
1839 0.8186658025
1840 0.8186658025
1841 0.8186658025
1842 0.8186658025
1843 0.8186658025
1844 0.8186658025
1845 0.8186658025
1846 0.8186658025
1847 0.8186658025
1848 0.8186658025
1849 0.8186658025
1850 0.8186658025
1851 0.8186658025
1852 0.8186658025
1853 0.8186658025
1854 0.8186658025
1855 0.8186658025
1856 0.8186658025
1857 0.8186658025
1858 0.8186658025
1859 0.8186658025
1860 0.8186658025
1861 0.8186658025
1862 0.8186658025
1863 0.8186658025
1864 0.8186658025
1865 0.8186658025
1866 0.8186658025
1867 0.8186658025
1868 0.8186658025
1869 0.8186658025
1870 0.8186658025
1871 0.8186658025
1872 0.8186658025
1873 0.8186658025
1874 0.8186658025
1875 0.8186658025
1876 0.8186658025
1877 0.8186658025
1878 0.8186658025
1879 0.8186658025
1880 0.8186658025
1881 0.8186658025
1882 0.8186658025
1883 0.8186658025
1884 0.8186658025
1885 0.8186658025
1886 0.8186658025
1887 0.8186658025
1888 0.8186658025
1889 0.8186658025
1890 0.8186658025
1891 0.8186658025
1892 0.8186658025
1893 0.8186658025
1894 0.8186658025
1895 0.8186658025
1896 0.8186658025
1897 0.8186658025
1898 0.8186658025
1899 0.8186658025
1900 0.8186658025
1901 0.8186658025
1902 0.8186658025
1903 0.8186658025
1904 0.8186658025
1905 0.8186658025
1906 0.8186658025
1907 0.8186658025
1908 0.8186658025
1909 0.8186658025
1910 0.8186658025
1911 0.8186658025
1912 0.8186658025
1913 0.8186658025
1914 0.8186658025
1915 0.8186658025
1916 0.8186658025
1917 0.8186658025
1918 0.8186658025
1919 0.8186658025
1920 0.8186658025
1921 0.8186658025
1922 0.8186658025
1923 0.8186658025
1924 0.8186658025
1925 0.8186658025
1926 0.8186658025
1927 0.8186658025
1928 0.8186658025
1929 0.8186658025
1930 0.8186658025
1931 0.8186658025
1932 0.8186658025
1933 0.8186658025
1934 0.8186658025
1935 0.8186658025
1936 0.8186658025
1937 0.8186658025
1938 0.8186658025
1939 0.8186658025
1940 0.8186658025
1941 0.8186658025
1942 0.8186658025
1943 0.8186658025
1944 0.8186658025
1945 0.8186658025
1946 0.8186658025
1947 0.8186658025
1948 0.8186658025
1949 0.8186658025
1950 0.8186658025
1951 0.8186658025
1952 0.8186658025
1953 0.8186658025
1954 0.8186658025
1955 0.8186658025
1956 0.8186658025
1957 0.8186658025
1958 0.8186658025
1959 0.8186658025
1960 0.8186658025
1961 0.8186658025
1962 0.8186658025
1963 0.8186658025
1964 0.8186658025
1965 0.8186658025
1966 0.8186658025
1967 0.8186658025
1968 0.8186658025
1969 0.8186658025
1970 0.8186658025
1971 0.8186658025
1972 0.8186658025
1973 0.8186658025
1974 0.8186658025
1975 0.8186658025
1976 0.8186658025
1977 0.8186658025
1978 0.8186658025
1979 0.8186658025
1980 0.8186658025
1981 0.8186658025
1982 0.8186658025
1983 0.8186658025
1984 0.8186658025
1985 0.8186658025
1986 0.8186658025
1987 0.8186658025
1988 0.8186658025
1989 0.8186658025
1990 0.8186658025
1991 0.8186658025
1992 0.8186658025
1993 0.8186658025
1994 0.8186658025
1995 0.8186658025
1996 0.8186658025
1997 0.8186658025
1998 0.8186658025
1999 0.8186658025
2000 0.8186658025
2001 0.8186658025
